v2= (0)
367	5
655	1
872	3
1120	3
1403	2
1723	3
1971	3
2253	3
2576	5
2864	1
3106	5
3514	3
3797	1
4049	3
4332	9
4580	1

v2= (1)
435	1
682	9
965	3
1218	1
1500	3
1908	5
2151	1
2438	5
2761	3
3044	3
3291	3
3611	2
3894	3
4142	3
4359	1
4647	5

v2= (2)
367	5
655	1
872	3
1120	3
1403	2
1723	3
1971	3
2253	3
2576	5
2864	1
3106	5
3514	3
3797	1
4049	9
4332	3

v2= (3)
250	3
532	9
785	1
1068	3
1475	5
1718	1
2006	5
2328	3
2611	3
2859	3
3179	2
3461	3
3709	3
3927	1
4214	5

v2= (4)
355	3
637	9
890	1
1173	3
1580	5
1823	1
2111	5
2433	3
2716	3
2964	3
3284	2
3566	3
3814	3
4032	1
4319	5

v2= (5)
367	1
510	1
727	3
1010	5
1298	1
1763	3
2046	2
2366	2
2651	3
2934	1
3186	3
3469	3
3789	1

v2= (6)
145	1
465	3
748	3
1000	1
1283	3
1568	2
1888	2
2171	3
2636	1
2924	5
3206	3
3424	1
3566	1

v2= (7)
367	1
510	1
727	3
1010	5
1298	1
1763	3
2046	2
2366	2
2651	3
2934	3
3186	3

v2= (8)
285	3
537	3
820	3
1105	2
1425	2
1708	3
2173	1
2461	5
2743	3
2961	1
3104	1

v2= (9)
367	1
688	5
975	1
1193	3
1475	5
1763	3
2131	1

v2= (10)
410	1
777	3
1065	5
1348	3
1565	1
1853	5
2173	1

v2= (11)
367	3
650	3
933	3
1180	1
1580	1
1798	3
2081	3
2328	1
2696	2
3016	3
3336	3

v2= (12)
250	3
570	3
890	2
1258	1
1505	3
1788	3
2006	1
2406	1
2653	3
2936	3
3219	3

v2= (13)
367	3
650	3
933	3
1180	1
1580	1
1798	3
2081	3
2328	3
2696	2

v2= (14)
280	2
647	3
895	3
1178	3
1395	1
1795	1
2043	3
2326	3
2608	3

v2= (15)
367	1
688	3
970	3
1253	3
1501	1
1901	1
2118	3
2401	3
2649	3
3016	2

v2= (16)
322	2
690	3
938	3
1220	3
1438	1
1838	1
2086	3
2368	3
2651	3
2971	1

v2= (17)
367	1
620	1
873	3
1155	1
1333	1
1475	5
1763	1
2163	1
2571	3
2818	3
3141	3
3424	15
3711	1

v2= (18)
322	1
610	15
893	3
1215	3
1463	3
1870	1
2271	1
2558	5
2701	1
2878	1
3161	3
3414	1
3666	1

v2= (19)
367	1
620	1
873	3
1155	1
1333	1
1475	5
1763	1
2163	1
2571	3
2818	3
3141	9
3424	5

v2= (20)
290	5
572	9
895	3
1143	3
1550	1
1950	1
2238	5
2380	1
2558	1
2841	3
3093	1
3346	1

v2= (21)
367	1
545	3
793	3
1115	3
1398	3
1681	3
1963	3
2286	1
2654	1
2831	1
3049	2
3334	1
3476	3
3759	1
4012	3
4229	3

v2= (22)
325	3
542	3
795	1
1078	3
1220	1
1505	2
1723	1
1900	1
2268	1
2591	3
2873	3
3156	3
3439	3
3761	3
4009	3
4187	1

v2= (23)
335	2
655	1
797	1
1050	3
1298	2
1618	1
1795	3
2078	5
2366	1
2693	1
2946	2
3231	3
3514	1
3656	1
3976	3
4299	3
4442	1

v2= (24)
220	1
362	3
685	3
1005	1
1148	1
1430	3
1715	2
1968	1
2296	1
2583	5
2866	3
3043	1
3364	2
3611	3
3864	1
4006	1
4327	2

v2= (25)
437	3
720	2
1005	3
1288	1
1695	1
1938	10
2223	1
2441	5
2728	3
2976	1
3119	5
3406	1
3749	1
3966	3
4334	1

v2= (26)
322	1
690	3
908	1
1250	1
1538	5
1680	1
1928	3
2216	5
2433	1
2718	10
2961	1
3368	1
3651	3
3936	2
4219	3

v2= (27)
437	3
720	2
1005	3
1288	1
1695	1
1938	10
2223	1
2441	5
2728	3
2976	1
3119	5
3406	1
3749	3
3966	1

v2= (28)
370	1
587	3
930	1
1217	5
1360	1
1608	3
1895	5
2113	1
2398	10
2641	1
3048	1
3331	3
3616	2
3899	3

v2= (29)
437	1
758	3
1005	3
1253	3
1575	3
1823	3
2106	1
2358	1
2536	3
2819	3
3161	5

v2= (30)
290	5
632	3
915	3
1093	1
1345	1
1628	3
1876	3
2198	3
2446	3
2693	3
3014	1

v2= (31)
367	5
655	1
1023	1
1343	9
1625	3

v2= (32)
325	3
607	9
928	1
1295	1
1583	5

v2= (33)
367	3
650	1
1058	3
1380	1
1700	3
2023	5
2311	3
2593	1
3059	1
3236	3
3519	1
3696	1
3874	3
4157	3
4524	1

v2= (34)
180	1
547	3
830	3
1008	1
1185	1
1468	3
1645	1
2111	1
2393	3
2681	5
3004	3
3324	1
3646	3
4054	1
4337	3

v2= (35)
367	3
615	1
1023	1
1343	9
1591	1

v2= (36)
360	1
607	9
927	1
1335	1
1583	3

v2= (37)
437	2
722	3
1005	3
1288	3
1535	3
1858	2
2143	1
2463	3
2711	1
2889	15
3176	3

v2= (38)
325	3
612	15
790	1
1037	3
1358	1
1643	2
1965	3
2213	3
2496	3
2778	3
3064	2

v2= (39)
280	3
567	15
745	1
992	3
1313	1
1598	2
1920	3
2168	3
2451	3
2733	3
3019	2

v2= (40)
437	2
722	3
970	3
1218	5
1505	1
1833	1
2086	1
2303	9
2586	1

v2= (41)
145	1
427	9
645	1
897	1
1225	1
1513	5
1760	3
2008	3
2293	2

v2= (42)
367	1
510	1
762	3
1045	1
1435	2
1721	3
1968	3
2216	5
2503	1
2831	1
3084	1
3301	9
3584	1

v2= (43)
145	1
427	9
645	1
897	1
1225	1
1513	5
1760	3
2008	3
2293	2
2683	1
2966	3
3219	1
3361	1

v2= (44)
437	2
757	1
1125	3
1448	1
1768	1
1911	3
2163	3

v2= (45)
285	3
537	3
680	1
1000	1
1323	3
1690	1
2011	2

v2= (46)
367	5
655	3
903	1
1120	3
1443	3
1725	1
2133	1
2541	3
2863	1
3081	1
3299	1
3619	1
3871	3
4239	1

v2= (47)
180	1
547	3
800	1
1120	1
1338	1
1555	1
1878	3
2286	1
2693	1
2976	3
3299	3
3516	1
3764	3
4051	5

v2= (48)
367	5
655	3
903	1
1120	3
1443	3
1725	1
2133	1
2541	3
2863	3
3081	1

v2= (49)
220	1
437	3
760	3
1167	1
1575	1
1858	3
2180	3
2398	1
2646	3
2933	5

v2= (50)
437	1
845	1
988	1
1130	1
1383	2
1668	3
1990	3
2311	2

v2= (51)
322	2
642	3
965	3
1250	2
1503	1
1645	1
1788	1
2196	1

v2= (52)
280	2
600	3
922	3
1208	2
1460	1
1603	1
1745	1
2153	1

v2= (53)
437	1
805	3
1088	1
1478	1
1886	1
2028	1
2171	1
2423	6
2708	3

v2= (54)
325	3
610	6
862	1
1005	1
1147	1
1555	1
1945	1
2228	3
2596	1

v2= (55)
280	3
565	6
817	1
960	1
1102	1
1510	1
1900	1
2183	3
2551	1

v2= (56)
367	1
510	3
832	1
1200	5
1488	1
1895	3
2178	1
2568	3
2936	3

v2= (57)
285	3
652	3
1043	1
1325	3
1733	1
2021	5
2388	1
2711	3
2853	1

v2= (58)
367	1
688	1
830	3
1153	1
1520	5
1808	3
2216	3

v2= (59)
285	3
692	3
980	5
1348	1
1670	3
1813	1
2133	1

v2= (60)
367	2
687	1
1055	2
1340	2
1660	1
1838	1
2091	1
2458	3
2741	1
3131	3
3499	1

v2= (61)
370	1
737	3
1128	1
1410	3
1778	1
2031	1
2208	1
2528	2
2813	2
3181	1
3501	2

v2= (62)
437	3
685	1
938	2
1223	2
1508	3
1791	1
1968	3
2216	1
2583	2
2869	5
3156	3
3479	2
3764	9
4047	1

v2= (63)
255	1
537	9
822	2
1145	3
1433	5
1718	2
2085	1
2333	3
2511	1
2793	3
3078	2
3364	2
3616	1
3864	3

v2= (64)
367	1
610	10
895	1
1113	3
1395	2
1680	1
1823	1
2001	3
2248	1
2466	1
2643	2
2929	1
3181	1
3399	2
3684	1
4004	9
4252	2

v2= (65)
322	2
570	9
890	1
1175	2
1393	1
1645	1
1930	2
2108	1
2326	1
2573	3
2751	1
2893	1
3179	2
3461	3
3679	1
3964	10
4207	1

v2= (66)
280	2
527	9
848	1
1133	2
1350	1
1603	1
1888	2
2066	1
2283	1
2531	3
2708	1
2851	1
3136	2
3419	3
3636	1
3921	10
4164	1

v2= (67)
367	1
610	10
895	1
1113	3
1395	2
1680	1
1823	1
2001	3
2248	1
2466	1
2643	2
2929	1
3181	3
3399	2

v2= (68)
287	2
505	3
757	1
1042	2
1220	1
1438	1
1685	3
1863	1
2005	1
2291	2
2573	3
2791	1
3076	10
3319	1

v2= (69)
437	1
758	1
1000	10
1285	1
1503	3
1786	2
2071	1
2213	1
2391	3
2638	1
2856	1
3034	2
3319	1
3571	3
3789	2

v2= (70)
287	2
505	3
757	1
1042	2
1220	1
1438	1
1685	3
1863	1
2005	1
2291	2
2573	3
2791	1
3076	10
3319	1
3639	1

v2= (71)
367	1
610	15
933	2
1253	1
1430	1
1683	1
1900	3
2148	1
2491	2
2811	3
3134	3
3416	3
3736	3

v2= (72)
285	3
605	3
888	3
1210	3
1530	2
1873	1
2121	3
2338	1
2591	1
2769	1
3089	2
3411	15
3654	1

v2= (73)
367	1
610	15
933	2
1253	1
1430	1
1683	1
1900	3
2148	1
2491	2
2811	9
3134	3

v2= (74)
285	3
607	9
927	2
1270	1
1518	3
1735	1
1988	1
2166	1
2486	2
2808	15
3051	1

v2= (75)
367	3
615	3
863	1
1115	1
1258	1
1400	2
1685	1
1903	1
2121	1
2363	5
2581	5
2868	3
3191	3
3369	1

v2= (76)
220	1
397	3
720	3
1007	5
1225	5
1468	1
1685	1
1903	1
2188	2
2330	1
2473	1
2726	1
2973	3
3221	3

v2= (77)
437	1
615	1
832	1
1200	1
1343	1
1485	1
1853	2
2138	3
2386	3
2633	3
2954	1

v2= (78)
145	1
465	3
712	3
960	3
1245	2
1613	1
1755	1
1898	1
2266	1
2483	1
2661	1

v2= (79)
437	1
615	1
832	1
1200	1
1343	1
1485	1
1853	2
2138	9
2386	3

v2= (80)
250	3
497	9
782	2
1150	1
1293	1
1435	1
1803	1
2020	1
2198	1

v2= (81)
437	2
757	1
1148	2
1468	9
1751	1

v2= (82)
220	1
502	9
822	2
1213	1
1533	2

v2= (83)
437	3
720	1
1128	1
1305	3
1553	1
1695	1
1838	3
2121	1
2373	2
2658	1
2986	3
3234	1
3554	3
3837	9
4119	1

v2= (84)
180	1
462	9
745	3
1065	1
1313	3
1641	1
1926	2
2178	1
2461	3
2604	1
2746	1
2994	3
3171	1
3579	1
3862	3

v2= (85)
367	1
585	3
833	1
1050	3
1373	1
1780	1
2148	6
2468	3

v2= (86)
325	3
645	6
1012	1
1420	1
1743	3
1960	1
2208	3
2426	1

v2= (87)
367	5
655	3
938	1
1190	1
1443	1
1695	1
1913	1
2056	1
2383	1
2791	1
3111	1
3329	3
3576	1
3794	3
4116	1
4524	1
4892	6
5212	3

v2= (88)
325	3
645	6
1012	1
1420	1
1743	3
1960	1
2208	3
2426	1
2746	1
3153	1
3481	1
3624	1
3841	1
4094	1
4346	1
4599	1
4882	3
5169	5

v2= (89)
367	5
655	3
938	1
1190	1
1443	1
1695	1
1913	1
2056	3
2383	1

v2= (90)
410	1
737	3
880	1
1097	1
1350	1
1603	1
1855	1
2138	3
2426	5

v2= (91)
367	3
690	1
907	3
1230	3
1478	1
1805	3
2088	5
2376	3
2623	5
2911	1
3053	1
3444	9
3691	1

v2= (92)
255	1
502	9
893	1
1035	1
1323	5
1570	3
1858	5
2141	3
2468	1
2716	3
3039	3
3256	1
3579	3

v2= (93)
367	3
690	1
907	3
1230	3
1478	1
1805	3
2088	5
2376	3
2623	15
2911	1

v2= (94)
145	1
432	15
680	3
967	5
1250	3
1578	1
1825	3
2148	3
2366	1
2688	3

v2= (95)
367	3
650	3
933	1
1340	1
1731	2
2051	3
2333	1
2511	5
2799	3
3121	1
3264	3
3511	1
3764	1
4007	15
4289	1
4657	9
4940	3

v2= (96)
285	3
567	9
935	1
1218	15
1460	1
1713	1
1961	3
2103	1
2426	3
2713	5
2891	1
3174	3
3494	2
3884	1
4292	1
4575	3
4857	3

v2= (97)
367	3
690	1
943	2
1263	5
1550	1
1918	1
2286	1
2693	3
2976	3
3299	1
3551	5
3839	1
4181	3
4464	3
4712	5
4999	1
5252	1
5620	1
5872	3
6050	1

v2= (98)
322	1
500	3
752	1
1120	1
1373	1
1660	5
1908	3
2191	3
2533	1
2821	5
3074	1
3396	3
3679	3
4087	1
4454	1
4822	1
5109	5
5430	2
5682	1
6005	3

v2= (99)
367	3
690	1
943	2
1263	5
1550	1
1918	1
2286	1
2693	3
2976	3
3299	1
3551	5
3839	1
4181	3
4464	3
4712	5
4999	1
5252	1
5620	3
5872	1

v2= (100)
180	1
432	3
800	1
1053	1
1340	5
1588	3
1870	3
2213	1
2501	5
2753	1
3076	3
3359	3
3766	1
4134	1
4502	1
4789	5
5109	2
5362	1
5685	3

v2= (101)
367	1
510	5
797	1
1015	3
1263	2
1548	3
1795	1
2013	1
2266	3
2483	1

v2= (102)
322	1
540	3
792	1
1010	1
1258	3
1543	2
1790	3
2008	1
2296	5
2438	1

v2= (103)
367	1
510	5
797	1
1015	3
1263	2
1548	3
1795	1
2013	3
2266	1

v2= (104)
220	1
472	3
690	1
937	3
1223	2
1470	3
1688	1
1975	5
2118	1

v2= (105)
367	1
620	1
762	1
940	1
1283	1
1690	3
1938	1
2191	1
2511	15
2798	3

v2= (106)
280	3
567	15
887	1
1140	1
1388	3
1795	1
2138	1
2316	1
2458	1
2711	1

v2= (107)
367	1
620	1
762	1
940	1
1283	1
1690	9
1938	1

v2= (108)
255	1
502	9
910	1
1253	1
1430	1
1573	1
1825	1

v2= (109)
437	3
720	3
1003	1
1180	2
1500	3
1748	1
1891	5
2178	1
2498	1
2751	1
2894	1
3071	1
3414	1
3822	9
4069	1

v2= (110)
255	1
502	9
910	1
1253	1
1430	1
1573	1
1825	1
2146	1
2433	5
2576	1
2823	3
3144	2
3321	1
3604	3
3887	3

v2= (111)
437	3
720	3
1003	1
1180	2
1500	3
1748	3
1891	5

v2= (112)
290	5
432	3
680	3
1000	2
1178	1
1460	3
1743	3

v2= (113)
367	1
620	3
903	1
1223	5
1510	1
1976	1
2303	3
2586	9
2909	2

v2= (114)
287	2
610	9
892	3
1220	1
1685	1
1973	5
2293	1
2576	3
2828	1

v2= (115)
437	1
902	1
1045	1
1263	1
1605	1
1748	1
2075	3
2466	3

v2= (116)
250	3
640	3
968	1
1110	1
1453	1
1670	1
1813	1
2278	1

v2= (117)
367	5
655	3
903	1
1310	1
1488	1
1878	1
2343	1
2486	1
2703	1
3046	3
3189	1

v2= (118)
330	1
472	3
815	1
1032	1
1175	1
1640	1
2030	1
2208	1
2616	1
2863	3
3151	5

v2= (119)
367	1
832	1
1153	5
1440	3
1688	3
2096	1

v2= (120)
180	1
587	3
835	3
1123	5
1443	1
1908	1

v2= (121)
367	3
650	1
828	3
1110	3
1358	9
1641	1

v2= (122)
330	1
612	9
860	3
1143	3
1320	1
1603	3

v2= (123)
367	3
650	3
933	5
1220	3
1503	3
1826	3
2148	3
2396	5
2683	1
3074	3
3356	3
3574	3

v2= (124)
285	3
502	3
785	3
1175	1
1463	5
1711	3
2033	3
2356	3
2638	3
2926	5
3209	3
3491	3

v2= (125)
367	3
650	3
933	5
1220	3
1503	3
1826	3
2148	9
2396	5

v2= (126)
290	5
537	9
860	3
1182	3
1465	3
1753	5
2035	3
2318	3

v2= (127)
367	3
690	5
977	1
1345	1
1563	1
1815	1
2281	3
2563	5
2851	9
3134	3

v2= (128)
285	3
567	9
855	5
1138	3
1603	1
1856	1
2073	1
2441	1
2728	5
3051	3

v2= (129)
367	1
775	3
1058	1
1425	3
1708	1
1951	5
2341	1
2661	9
2944	3

v2= (130)
325	3
607	9
928	1
1318	5
1560	1
1843	3
2211	1
2494	3
2901	1

v2= (131)
280	3
562	9
883	1
1273	5
1515	1
1798	3
2166	1
2449	3
2856	1

v2= (132)
367	1
758	2
1043	3
1365	3
1688	3
2096	2

v2= (133)
287	2
695	3
1017	3
1340	3
1625	2
2015	1

v2= (134)
437	3
685	3
968	1
1220	3
1588	1

v2= (135)
322	1
690	3
943	1
1225	3
1473	3

v2= (136)
437	2
757	3
1040	1
1368	1
1585	1
1803	1
2131	1
2308	3
2591	5
2878	2
3163	1
3306	1
3524	1
3866	1
4119	3
4402	1
4654	15
4942	5

v2= (137)
290	5
577	15
830	1
1112	3
1365	1
1708	1
1925	1
2068	1
2353	2
2641	5
2923	3
3101	1
3428	1
3646	1
3864	1
4191	1
4474	3
4794	2

v2= (138)
367	1
688	3
970	1
1188	1
1405	9
1688	3

v2= (139)
280	3
562	9
780	1
997	1
1280	3
1600	1

v2= (140)
367	1
585	3
868	5
1155	1
1475	1
1728	1
1946	1
2123	3
2341	3

v2= (141)
285	3
502	3
680	1
897	1
1150	1
1470	1
1758	5
2041	3
2258	1

v2= (142)
437	3
720	3
968	1
1220	1
1611	3
1893	1
2301	5
2588	5
2876	1
3094	6
3414	1

v2= (143)
220	1
540	6
757	1
1045	5
1332	5
1740	1
2023	3
2413	1
2666	1
2913	3
3196	3

v2= (144)
437	1
690	1
943	1
1160	1
1403	5
1620	3
1943	3
2226	3
2508	3
2791	1
3009	1
3399	3
3682	9
3929	1

v2= (145)
255	1
502	9
785	3
1175	1
1393	1
1676	3
1958	3
2241	3
2564	3
2781	5
3024	1
3241	1
3494	1
3747	1

v2= (146)
437	1
690	1
943	1
1160	1
1403	5
1620	3
1943	3
2226	3
2508	9
2791	1

v2= (147)
220	1
502	9
785	3
1068	3
1390	3
1608	5
1851	1
2068	1
2321	1
2573	1

v2= (148)
367	3
650	1
828	3
1150	3
1433	3
1756	2
2041	1
2431	1
2683	1
2936	1
3154	1
3396	5
3614	3
3937	3
4219	3
4502	9
4785	1

v2= (149)
220	1
502	9
785	3
1068	3
1390	3
1608	5
1851	1
2068	1
2321	1
2573	1
2964	1
3249	2
3571	3
3854	3
4177	3
4354	1
4637	3

v2= (150)
367	1
545	1
872	5
1160	1
1488	3
1770	3
2018	2
2303	5
2591	3
2873	1
3091	3
3414	2
3699	1
3841	9
4089	2

v2= (151)
287	2
535	9
677	1
962	2
1285	3
1503	1
1785	3
2073	5
2358	2
2606	3
2888	3
3216	1
3504	5
3831	1
4009	1

v2= (152)
367	3
690	1
1010	1
1188	1
1515	5
1803	1
2130	3
2413	3
2661	2
2946	5
3234	3
3516	1
3734	3
4056	2
4342	1
4484	9
4732	2

v2= (153)
287	2
535	9
677	1
962	2
1285	3
1503	1
1785	3
2073	5
2358	2
2606	3
2888	3
3216	1
3504	5
3831	1
4009	1
4329	1
4652	3

v2= (154)
367	1
585	1
727	1
1070	3
1353	1
1760	3
2043	2
2363	3
2684	3

v2= (155)
325	3
645	3
965	2
1248	3
1655	1
1938	3
2281	1
2423	1
2641	1

v2= (156)
280	3
600	3
920	2
1203	3
1610	1
1893	3
2236	1
2378	1
2596	1

v2= (157)
367	1
585	1
727	1
1070	3
1353	1
1760	9
2043	2

v2= (158)
322	2
605	9
1013	1
1295	3
1638	1
1780	1
1998	1

v2= (159)
280	2
562	9
970	1
1253	3
1595	1
1738	1
1955	1

v2= (160)
437	1
845	2
1165	1
1533	1
1710	3
1958	1
2101	1
2468	5
2756	1
3076	1
3484	6
3769	1

v2= (161)
145	1
430	6
837	1
1158	1
1445	5
1813	1
1955	1
2203	3
2381	1
2748	1
3068	2
3476	1

v2= (162)
437	1
845	2
1165	1
1533	1
1710	3
1958	1
2101	3
2468	5

v2= (163)
290	5
657	3
800	1
1047	3
1225	1
1593	1
1913	2
2321	1

v2= (164)
367	1
620	2
940	1
1158	2
1443	1
1620	1
2028	3
2311	3
2593	3
2876	1
3119	5
3361	5
3614	9
3897	1

v2= (165)
255	1
537	9
790	5
1033	5
1275	1
1558	3
1841	3
2123	3
2531	1
2709	1
2994	2
3211	1
3531	2
3784	1

v2= (166)
437	1
655	1
1023	1
1265	5
1585	1
1728	3
2011	10
2253	15

v2= (167)
250	15
492	10
775	3
918	1
1238	5
1480	1
1848	1
2066	1

v2= (168)
367	1
832	3
1115	2
1400	1
1643	5
2033	3
2316	1
2533	1
2676	1
2894	1
3036	2
3321	3
3569	3
4034	3

v2= (169)
285	3
750	3
998	3
1283	2
1425	1
1643	1
1785	1
2003	1
2286	3
2676	5
2919	1
3204	2
3486	3
3952	1

v2= (170)
437	1
655	3
938	1
1190	3
1473	1
1615	1
1858	5
2201	1
2568	3
2851	3
3134	3
3456	2
3742	3
3989	3
4237	1
4564	1
4817	3
5065	9
5312	2

v2= (171)
280	2
527	9
775	3
1028	1
1355	1
1603	3
1851	3
2136	2
2458	3
2741	3
3024	3
3391	1
3734	5
3977	1
4119	1
4402	3
4654	1
4937	3
5155	1

v2= (172)
367	1
767	3
1050	3
1373	1
1590	3
1873	3
2196	1
2538	3
2821	1
3039	3
3321	3
3569	3
3891	3
4282	1

v2= (173)
402	1
792	3
1115	3
1363	3
1645	3
1863	1
2146	3
2488	1
2811	3
3094	3
3311	1
3634	3
3916	3
4317	1

v2= (174)
367	1
767	3
1050	3
1373	1
1590	3
1873	3
2196	1
2538	3
2821	1
3039	3
3321	9
3569	3

v2= (175)
325	3
572	9
855	3
1073	1
1355	3
1698	1
2021	3
2303	3
2521	1
2843	3
3126	3
3526	1

v2= (176)
437	3
760	3
1043	3
1325	1
1791	1
2111	1
2511	3
2794	3
3116	1
3334	3
3616	3
3939	1
4282	3
4564	1
4782	3
5065	9
5312	3

v2= (177)
280	3
527	9
810	3
1028	1
1310	3
1653	1
1976	3
2258	3
2476	1
2798	3
3081	3
3481	1
3801	1
4267	1
4549	3
4832	3
5155	3

v2= (178)
437	1
655	5
942	1
1285	5
1573	3
1855	1
1998	2
2283	2
2603	9
2926	1

v2= (179)
330	1
652	9
972	2
1257	2
1400	1
1683	3
1970	5
2313	1
2601	5
2818	1

v2= (180)
437	1
655	5
942	1
1285	5
1573	3
1855	1
1998	2
2283	6
2603	3

v2= (181)
325	3
645	6
930	2
1072	1
1355	3
1643	5
1985	1
2273	5
2491	1

v2= (182)
430	3
750	6
1035	2
1177	1
1460	3
1748	5
2090	1
2378	5
2596	1

v2= (183)
437	1
655	5
942	1
1285	5
1573	3
1855	1
1998	6
2283	2

v2= (184)
322	2
607	6
750	1
1033	3
1320	5
1663	1
1950	5
2168	1

v2= (185)
437	1
805	3
1128	3
1410	1
1778	1
2031	1
2351	2
2671	1
2924	5
3211	2
3496	3
3779	1
4032	1
4284	5
4572	3
4854	3
5072	1

v2= (186)
220	1
437	3
720	3
1007	5
1260	1
1513	1
1795	3
2081	2
2368	5
2621	1
2941	2
3261	1
3514	1
3881	1
4164	3
4487	3
4854	1

v2= (187)
367	3
690	1
907	3
1190	2
1510	1
1763	3
2171	1

v2= (188)
220	1
627	3
880	1
1200	2
1483	3
1700	1
2023	3

v2= (189)
367	1
610	5
752	5
1040	3
1363	2
1648	3
1930	1
2173	5
2416	5
2593	1
2846	1
3254	1
3471	1
3689	1
3906	1
4124	3
4302	3

v2= (190)
285	3
462	3
680	1
897	1
1115	1
1333	1
1740	1
1993	1
2171	5
2413	5
2656	1
2938	3
3224	2
3546	3
3834	5
3976	5
4219	1

v2= (191)
437	1
615	1
757	1
1125	1
1493	5
1780	3
2063	1
2206	1
2458	9
2741	3

v2= (192)
280	3
562	9
815	1
957	1
1240	3
1528	5
1895	1
2263	1
2406	1
2583	1

v2= (193)
437	5
725	1
942	3
1190	3
1473	3
1756	1
1933	3
2186	1

v2= (194)
345	1
597	3
775	1
1058	3
1340	3
1588	3
1806	1
2093	5

v2= (195)
437	1
845	1
988	2
1273	1
1680	3
1963	1
2181	3
2428	1
2748	3
2891	1

v2= (196)
255	1
397	3
717	1
965	3
1183	1
1465	3
1873	1
2158	2
2301	1
2708	1

v2= (197)
367	1
585	2
870	1
1278	3
1525	3
1808	2
2128	1
2593	1
2961	3
3104	1

v2= (198)
392	1
535	3
902	1
1368	1
1688	2
1971	3
2218	3
2626	1
2911	2
3129	1

v2= (199)
367	1
585	2
870	1
1278	3
1525	3
1808	2
2128	1
2593	3
2961	1

v2= (200)
145	1
512	3
977	1
1298	2
1580	3
1828	3
2236	1
2521	2
2738	1

v2= (201)
367	1
585	1
802	2
1088	3
1335	5
1623	3
1905	9
2188	1

v2= (202)
322	1
605	9
888	3
1175	5
1423	3
1708	2
1926	1
2143	1

v2= (203)
367	1
585	1
802	2
1088	3
1335	5
1623	9
1905	3

v2= (204)
285	3
567	9
855	5
1103	3
1388	2
1605	1
1823	1

v2= (205)
367	3
690	1
1010	1
1228	1
1445	2
1730	3
1978	5
2266	9
2548	3

v2= (206)
285	3
567	9
855	5
1103	3
1388	2
1605	1
1823	1
2143	1
2466	3

v2= (207)
437	1
655	3
938	3
1220	1
1463	5
1681	3
1963	3
2283	1

v2= (208)
220	1
540	3
823	3
1040	5
1283	1
1565	3
1848	3
2066	1

v2= (209)
437	1
655	3
938	3
1220	1
1463	15
1681	3

v2= (210)
285	3
502	15
745	1
1028	3
1310	3
1528	1

v2= (211)
367	2
652	2
937	3
1185	1
1403	1
1810	3
1988	3

v2= (212)
250	3
427	3
835	1
1053	1
1300	3
1585	2
1870	2

v2= (213)
367	2
652	1
895	5
1138	15
1420	1
1748	3
2031	5
2318	1
2661	3
2944	3
3226	1
3594	5
3882	3
4164	1
4555	3
4837	9
5120	3

v2= (214)
285	3
567	9
850	3
1240	1
1523	3
1811	5
2178	1
2461	3
2744	3
3086	1
3374	5
3657	3
3984	1
4267	15
4510	5
4752	1
5037	2

v2= (215)
437	1
828	1
1045	3
1328	3
1576	3
1943	1

v2= (216)
410	1
777	3
1025	3
1308	3
1525	1
1916	1

v2= (217)
367	1
735	1
953	1
1360	2
1645	1
1898	3
2181	3
2463	1
2871	3
3239	1

v2= (218)
220	1
587	3
995	1
1278	3
1560	3
1813	1
2098	2
2506	1
2723	1
3091	1

v2= (219)
367	1
510	3
793	1
1113	1
1480	1
1698	1
2106	2
2391	1
2643	3
2926	3
3209	1
3616	3
3984	1

v2= (220)
220	1
587	3
995	1
1278	3
1560	3
1813	1
2098	2
2506	1
2723	1
3091	1
3411	1
3694	3
3836	1

v2= (221)
437	3
720	1
973	3
1255	5
1543	1
1760	1
2226	1
2443	3
2691	1
3059	1
3379	3
3521	3

v2= (222)
285	3
427	3
748	1
1115	1
1363	3
1580	1
2046	1
2263	1
2551	5
2833	3
3086	1
3369	3

v2= (223)
367	1
620	1
1010	3
1333	3
1655	1
1908	2
2193	2
2478	15
2766	3

v2= (224)
285	3
572	15
857	2
1143	2
1395	1
1718	3
2040	3
2431	1
2683	1

v2= (225)
437	3
720	1
898	1
1075	3
1358	1
1575	3
1858	2
2143	1
2551	1
2919	1
3161	15
3484	1
3811	9
4094	2

v2= (226)
322	2
605	9
932	1
1255	15
1498	1
1865	1
2273	1
2558	2
2841	3
3058	1
3341	3
3519	1
3696	1
3979	3

v2= (227)
367	1
585	1
802	2
1123	2
1443	9
1725	3

v2= (228)
250	3
532	9
853	2
1173	2
1390	1
1608	1

v2= (229)
367	1
688	1
905	1
1123	2
1443	2
1763	9
2046	3

v2= (230)
250	3
532	9
853	2
1173	2
1390	1
1608	1
1928	1

v2= (231)
367	3
650	3
973	1
1340	1
1708	3
2031	3
2313	1
2456	2
2776	3
3099	3
3381	1
3749	3
3997	5
4284	3
4567	1
4784	1
5027	15
5310	1
5527	15
5815	3

v2= (232)
285	3
572	15
790	1
1073	15
1315	1
1533	1
1816	3
2103	5
2351	3
2718	1
3001	3
3324	3
3644	2
3786	1
4069	3
4392	3
4759	1
5127	1
5450	3
5732	3

v2= (233)
367	1
545	1
953	1
1360	5
1648	3
1930	9
2213	1

v2= (234)
220	1
502	9
785	3
1073	5
1480	1
1888	1
2065	1

v2= (235)
367	3
690	1
907	2
1228	2
1513	3
1730	3

v2= (236)
285	3
502	3
787	2
1108	2
1325	1
1648	3

v2= (237)
367	5
655	1
872	1
1115	5
1333	3
1615	1
1833	3
2116	2
2401	2
2721	1
2964	15
3371	2

v2= (238)
322	2
730	15
972	1
1293	2
1578	2
1860	3
2078	1
2361	3
2578	5
2821	1
3039	1
3326	5

v2= (239)
280	2
687	15
930	1
1250	2
1535	2
1818	3
2035	1
2318	3
2536	5
2778	1
2996	1
3284	5

v2= (240)
367	1
585	1
985	1
1305	5
1593	1
1810	1
2053	5
2271	3
2553	1
2771	3
3054	2
3339	2
3659	1
3901	15
4309	2

v2= (241)
322	2
730	15
972	1
1293	2
1578	2
1860	3
2078	1
2361	3
2578	5
2821	1
3039	1
3326	5
3646	1
4046	1
4264	1

v2= (242)
280	2
687	15
930	1
1250	2
1535	2
1818	3
2035	1
2318	3
2536	5
2778	1
2996	1
3284	5
3604	1
4004	1
4221	1

v2= (243)
437	2
757	3
1040	1
1360	3
1578	1

v2= (244)
360	1
577	3
897	1
1180	3
1500	2

v2= (245)
367	3
650	1
868	1
1235	1
1378	1
1595	1
1963	3
2246	1
2613	1
2791	1
3009	3
3291	3
3614	1
4004	6
4324	3

v2= (246)
285	3
605	6
995	1
1318	3
1600	3
1818	1
1996	1
2363	1
2646	3
3014	1
3231	1
3374	1
3741	1
3959	1
4242	3

v2= (247)
367	1
695	1
872	5
1160	3
1443	3
1725	3
2008	5
2296	3
2578	3
2826	3
3234	2

v2= (248)
280	2
687	3
935	3
1218	3
1505	5
1788	3
2071	3
2353	3
2641	5
2818	1
3146	1

v2= (249)
367	3
650	1
1018	2
1338	10
1580	5

v2= (250)
410	5
652	10
972	2
1340	1
1623	3

v2= (251)
437	1
655	1
872	1
1273	3
1555	1
1808	2
2093	3
2341	3
2588	1
2988	5
3276	3
3559	1
3736	2
4056	2
4342	3
4559	3

v2= (252)
250	3
467	3
752	2
1073	2
1250	1
1533	3
1820	5
2220	1
2468	3
2716	3
3001	2
3254	1
3536	3
3936	1
4154	1
4371	1

v2= (253)
367	3
650	3
973	3
1255	3
1538	1
1906	2
2191	3
2513	3
2766	1

v2= (254)
255	1
507	3
830	3
1115	2
1483	1
1765	3
2048	3
2371	3
2653	3

v2= (255)
367	3
690	1
1010	3
1293	3
1615	3
1898	3
2181	1
2549	2
2834	3
3156	3
3409	1

v2= (256)
255	1
507	3
830	3
1115	2
1483	1
1765	3
2048	3
2371	3
2653	3
2974	1
3296	3

v2= (257)
367	2
652	1
1020	2
1305	3
1625	3

v2= (258)
325	3
645	3
930	2
1298	1
1583	2

v2= (259)
367	2
652	3
975	1
1193	1
1513	1
1920	3
2203	1
2546	1
2914	9
3196	3

v2= (260)
250	3
532	9
900	1
1243	1
1525	3
1933	1
2253	1
2471	1
2794	3
3079	2

v2= (261)
367	1
620	3
943	3
1225	3
1508	3
1791	1
2008	3
2291	1
2469	1
2686	1
2864	1
3271	1
3592	2
3877	9
4199	1

v2= (262)
220	1
542	9
827	2
1148	1
1555	1
1733	1
1950	1
2128	1
2411	3
2628	1
2911	3
3194	3
3476	3
3799	3
4052	1

v2= (263)
367	3
690	3
973	5
1260	1
1580	1
1833	3
2156	3
2438	3
2721	3
3004	1
3221	3
3504	1
3682	1
3899	3
4077	1

v2= (264)
410	1
587	3
805	1
982	1
1265	3
1483	1
1765	3
2048	3
2331	3
2653	3
2906	1
3226	1
3514	5
3797	3
4119	3

v2= (265)
367	3
650	3
933	1
1340	5
1628	1
1881	3
2163	1
2381	3
2629	3
2911	5
3199	1
3451	2
3737	1
4144	3
4467	1
4787	3
5110	9
5392	5

v2= (266)
290	5
572	9
895	3
1215	1
1538	3
1945	1
2231	2
2483	1
2771	5
3053	3
3301	3
3519	1
3801	3
4054	1
4342	5
4749	1
5032	3
5315	3

v2= (267)
367	3
650	3
933	1
1340	5
1628	1
1881	3
2163	1
2381	3
2629	3
2911	5
3199	1
3451	2
3737	3
4144	3

v2= (268)
325	3
732	3
1017	2
1270	1
1558	5
1840	3
2088	3
2306	1
2588	3
2841	1
3128	5
3536	1
3819	3
4102	3

v2= (269)
367	1
688	3
970	3
1253	1
1661	5
1948	1
2201	3
2483	1
2701	3
2949	3
3231	5
3519	1
3772	2
4057	3
4464	3

v2= (270)
325	3
732	3
1017	2
1270	1
1558	5
1840	3
2088	3
2306	1
2588	3
2841	1
3128	5
3536	1
3819	3
4102	3
4422	1

v2= (271)
367	1
510	1
910	3
1233	3
1515	1
1733	1
1875	1
2118	5
2361	15
2761	1

v2= (272)
322	1
722	15
965	5
1208	1
1350	1
1568	1
1850	3
2173	3
2573	1
2716	1

v2= (273)
367	2
687	2
1008	1
1260	3
1583	9
1905	2

v2= (274)
287	2
610	9
932	3
1185	1
1505	2
1825	2

v2= (275)
367	5
655	3
903	1
1223	2
1508	2
1793	3
2076	2
2361	1
2603	5
2856	1
3074	3
3441	3

v2= (276)
285	3
652	3
870	1
1123	5
1365	1
1650	2
1933	3
2218	2
2503	2
2824	1
3071	3
3359	5

v2= (277)
437	3
685	1
863	3
1145	2
1430	1
1798	1
2016	9
2338	3

v2= (278)
285	3
607	9
825	1
1193	1
1478	2
1760	3
1938	1
2186	3

v2= (279)
367	3
690	1
943	1
1085	1
1263	1
1480	2
1765	1
2165	5
2453	5
2741	3
3108	1

v2= (280)
180	1
547	3
835	5
1122	5
1522	1
1808	2
2025	1
2203	1
2345	1
2598	1
2921	3

v2= (281)
367	1
510	1
917	3
1200	1
1453	3
1736	3
2018	1
2386	1
2639	3
2921	3
3204	3
3487	3
3769	1
4235	3
4635	1

v2= (282)
220	1
620	3
1085	1
1368	3
1650	3
1933	3
2216	3
2468	1
2836	1
3119	3
3401	3
3654	1
3937	3
4344	1
4487	1

v2= (283)
367	2
652	1
1052	3
1335	15
1623	1

v2= (284)
322	1
610	15
893	3
1293	1
1578	2

v2= (285)
437	3
685	3
968	1
1110	3
1393	1
1761	1
1938	3
2261	2
2581	3
2864	3
3146	1
3467	2
3752	1
4152	9
4435	5

v2= (286)
290	5
572	9
972	1
1257	2
1578	1
1860	3
2143	3
2463	2
2786	3
2963	1
3331	1
3614	3
3756	1
4039	3
4287	3

v2= (287)
367	1
585	1
975	3
1223	3
1505	1
1648	3
1931	1
2298	1
2476	3
2799	2
3119	9
3401	3

v2= (288)
285	3
567	9
888	2
1210	3
1388	1
1755	1
2038	3
2181	1
2463	3
2711	3
3101	1
3319	1

v2= (289)
367	1
775	1
1028	2
1313	1
1680	3
1928	2
2213	3
2496	3
2779	9
3061	2

v2= (290)
280	2
562	9
845	3
1128	3
1413	2
1661	3
2028	1
2313	2
2566	1
2974	1

v2= (291)
437	3
760	3
1043	1
1363	1
1771	1
2023	2
2308	1
2676	3
2924	2
3209	3
3491	3
3774	9
4057	2

v2= (292)
322	2
605	9
888	3
1170	3
1455	2
1703	3
2071	1
2356	2
2608	1
3016	1
3336	1
3619	3
3942	3

v2= (293)
280	2
562	9
845	3
1128	3
1413	2
1661	3
2028	1
2313	2
2566	1
2974	1
3294	1
3577	3
3899	3

v2= (294)
367	2
687	3
970	3
1253	3
1575	1
1793	9
2076	1

v2= (295)
220	1
502	9
720	1
1042	3
1325	3
1608	3
1928	2

v2= (296)
367	1
758	1
1165	2
1485	2
1805	3
2053	3
2336	5
2623	2
2944	1
3161	1
3379	5
3666	3
3989	9
4272	3

v2= (297)
285	3
567	9
890	3
1178	5
1395	1
1613	1
1933	2
2220	5
2503	3
2751	3
3071	2
3391	2
3799	1
4189	1

v2= (298)
367	3
650	5
938	3
1185	1
1403	3
1686	1
2013	5
2301	6
2621	1

v2= (299)
345	1
665	6
952	5
1280	1
1563	3
1780	1
2028	3
2316	5
2598	3

v2= (300)
367	1
735	3
1018	3
1265	3
1548	10
1791	5

v2= (301)
255	5
497	10
780	3
1028	3
1310	3
1678	1

v2= (302)
367	3
650	1
903	3
1225	3
1508	1
1828	1
2046	1
2413	5
2701	1
2954	1
3171	3
3349	1

v2= (303)
330	1
507	3
725	1
977	1
1265	5
1633	1
1850	1
2170	1
2453	3
2776	3
3028	1
3311	3

v2= (304)
367	3
650	1
903	3
1225	3
1508	1
1828	1
2046	1
2413	5
2701	1
2954	3
3171	1

v2= (305)
285	1
502	3
755	1
1042	5
1410	1
1628	1
1948	1
2231	3
2553	3
2806	1
3089	3

v2= (306)
367	3
650	1
903	3
1225	3
1508	1
1828	1
2046	1
2413	5
2701	3
2954	1

v2= (307)
220	1
472	3
760	5
1127	1
1345	1
1665	1
1948	3
2271	3
2523	1
2806	3

v2= (308)
325	1
577	3
865	5
1232	1
1450	1
1770	1
2053	3
2376	3
2628	1
2911	3

v2= (309)
367	5
655	1
832	3
1115	1
1333	1
1510	2
1795	3
2078	2
2398	1
2719	3
3001	1
3254	9
3576	3

v2= (310)
285	3
607	9
860	1
1143	3
1463	1
1783	2
2066	3
2351	2
2528	1
2746	1
3029	3
3206	1
3494	5

v2= (311)
367	5
655	1
832	3
1115	1
1333	1
1510	2
1795	9
2078	2

v2= (312)
322	2
605	9
890	2
1068	1
1285	1
1568	3
1745	1
2033	5

v2= (313)
280	2
562	9
847	2
1025	1
1243	1
1525	3
1703	1
1990	5

v2= (314)
367	1
735	3
983	1
1235	3
1483	5
1770	1
1948	2
2268	1
2486	3
2733	1
2911	1
3164	1
3306	3
3629	3
3912	3
4319	1

v2= (315)
220	1
627	3
910	3
1233	3
1375	1
1628	1
1805	1
2053	3
2271	1
2591	2
2768	1
3056	5
3304	3
3556	1
3804	3
4172	1

v2= (316)
367	1
585	1
762	3
1045	1
1388	2
1673	1
2041	1
2506	1
2896	1
3114	1
3481	3
3804	1
4047	5
4454	1
4632	1
4849	2
5170	3
5537	1

v2= (317)
180	1
547	3
867	2
1085	1
1263	1
1670	5
1913	1
2235	3
2603	1
2821	1
3211	1
3676	1
4044	1
4329	2
4672	1
4954	3
5132	1
5350	1

v2= (318)
367	1
585	1
762	3
1045	1
1388	2
1673	3
2041	1

v2= (319)
467	1
835	3
1120	2
1463	1
1745	3
1923	1
2141	1

v2= (320)
367	1
688	1
865	2
1150	1
1558	1
1735	3
1913	3

v2= (321)
285	3
462	3
640	1
1048	1
1333	2
1510	1
1831	1

v2= (322)
367	1
545	1
722	1
965	5
1285	1
1463	1
1706	5
2026	3
2203	1

v2= (323)
180	1
357	3
677	5
920	1
1098	1
1418	5
1661	1
1838	1
2016	1

v2= (324)
367	5
655	5
942	3
1265	3
1513	3
1760	1
2160	2
2446	3
2728	6
3048	3

v2= (325)
285	3
605	6
888	3
1173	2
1573	1
1820	3
2068	3
2391	3
2678	5
2966	5

v2= (326)
437	2
722	1
865	2
1185	5
1473	2
1758	1
1935	3
2218	3
2501	15
2788	3

v2= (327)
250	3
537	15
820	3
1103	3
1280	1
1565	2
1853	5
2173	2
2316	1
2601	2

v2= (328)
367	1
545	5
832	1
1200	3
1448	1
1700	2
1986	1
2203	1
2446	10
2731	1
3058	1
3236	1
3414	6
3734	2

v2= (329)
287	2
607	6
785	1
962	1
1290	1
1575	10
1818	1
2035	1
2320	2
2573	1
2821	3
3188	1
3476	5
3654	1

v2= (330)
335	2
620	1
987	2
1272	1
1663	1
1805	9
2088	3

v2= (331)
285	3
567	9
710	1
1100	1
1385	2
1753	1
2038	2

v2= (332)
367	1
695	5
982	1
1160	2
1480	3
1728	3
2050	1
2293	25
2581	2
2866	3
3233	2

v2= (333)
287	2
655	3
940	2
1227	25
1470	1
1793	3
2040	3
2361	2
2538	1
2826	5
3153	1

v2= (334)
367	1
735	3
1058	3
1305	2
1625	3
1908	2
2228	1
2471	5
2791	1
2934	5
3221	3
3469	5
3756	9
4039	3

v2= (335)
285	3
567	9
855	5
1103	3
1390	5
1533	1
1853	5
2096	1
2416	2
2699	3
3019	2
3266	3
3589	3
3957	1

v2= (336)
367	1
620	3
943	1
1085	1
1405	1
1773	3
2096	3
2343	2
2663	3
2946	2
3266	1
3509	5
3829	1
3972	5
4259	3
4507	5
4794	9
5077	3

v2= (337)
285	3
567	9
855	5
1103	3
1390	5
1533	1
1853	5
2096	1
2416	2
2699	3
3019	2
3266	3
3589	3
3957	1
4277	1
4419	1
4742	3
4995	1

v2= (338)
367	1
510	3
793	3
1040	1
1368	1
1585	1
1803	3
2086	2
2406	3
2728	1
2971	5
3224	3
3591	2

v2= (339)
287	2
655	3
907	5
1150	1
1473	3
1793	2
2076	3
2293	1
2511	1
2838	1
3086	3
3369	3
3511	1

v2= (340)
367	1
695	1
1015	1
1158	3
1440	3
1688	1
2016	1
2233	1
2451	3
2734	2
3054	3
3376	1
3619	5
3872	3
4239	2

v2= (341)
287	2
655	3
907	5
1150	1
1473	3
1793	2
2076	3
2293	1
2511	1
2838	1
3086	3
3369	3
3511	1
3831	1
4159	1

v2= (342)
367	1
545	1
687	3
970	1
1378	1
1595	3
1918	1
2096	1
2348	3
2671	3
2991	1

v2= (343)
330	1
650	3
972	3
1225	1
1403	1
1725	3
1943	1
2351	1
2633	3
2776	1
2953	1

v2= (344)
367	1
545	1
687	3
970	1
1378	1
1595	3
1918	1
2096	3
2348	3

v2= (345)
325	3
577	3
755	1
1077	3
1295	1
1703	1
1985	3
2128	1
2306	1

v2= (346)
280	3
532	3
710	1
1032	3
1250	1
1658	1
1940	3
2083	1
2261	1

v2= (347)
437	2
757	1
975	5
1263	2
1548	1
1915	1
2323	1
2501	1
2743	15
2991	1
3244	3
3491	3
3739	1
3916	5
4204	6
4489	3

v2= (348)
250	3
535	6
822	5
1000	1
1248	3
1495	3
1748	1
1996	15
2238	1
2416	1
2823	1
3191	1
3476	2
3764	5
3981	1
4302	2

v2= (349)
437	3
720	3
968	2
1253	3
1535	1
1678	1
1856	3
2138	1
2391	1
2534	1
2711	5
2999	1
3319	1
3572	3
3749	2

v2= (350)
322	2
500	3
752	1
1073	1
1360	5
1538	1
1680	1
1933	1
2216	3
2393	1
2536	1
2819	3
3104	2
3351	3
3634	3

v2= (351)
280	2
457	3
710	1
1030	1
1318	5
1495	1
1638	1
1890	1
2173	3
2351	1
2493	1
2776	3
3061	2
3309	3
3591	3

v2= (352)
437	3
720	3
968	2
1253	3
1535	1
1678	1
1856	3
2138	1
2391	1
2534	3
2711	5

v2= (353)
290	5
467	3
610	1
862	1
1145	3
1323	1
1465	1
1748	3
2033	2
2281	3
2563	3

v2= (354)
367	5
655	3
938	1
1080	1
1488	1
1665	3
1948	1
2126	1
2303	1
2481	1
2733	1
2976	15
3299	2
3584	9
3867	3

v2= (355)
285	3
567	9
853	2
1175	15
1418	1
1670	1
1848	1
2026	1
2203	1
2486	3
2663	1
3071	1
3214	1
3496	3
3784	5

v2= (356)
437	1
758	1
1125	3
1448	2
1768	3
2051	1
2418	1
2761	2
3046	9
3294	3

v2= (357)
285	3
532	9
818	2
1160	1
1528	1
1811	3
2131	2
2453	3
2821	1
3141	1

v2= (358)
437	2
757	2
1043	1
1295	1
1513	3
1795	15
2083	1

v2= (359)
322	1
610	15
893	3
1110	1
1363	1
1648	2
1968	2

v2= (360)
437	3
720	1
898	1
1288	2
1608	2
1893	1
2146	1
2363	9
2646	5

v2= (361)
290	5
572	9
790	1
1042	1
1328	2
1648	2
2038	1
2216	1
2498	3

v2= (362)
437	1
805	3
1088	5
1375	1
1553	1
1953	3
2236	3
2558	3
2881	1
3249	3
3639	1

v2= (363)
180	1
570	3
938	1
1260	3
1583	3
1865	3
2266	1
2443	1
2731	5
3013	3
3381	1

v2= (364)
437	1
805	3
1088	5
1375	1
1553	1
1953	3
2236	3
2558	9
2881	1

v2= (365)
370	1
692	9
1015	3
1298	3
1698	1
1875	1
2163	5
2446	3
2813	1

v2= (366)
367	3
690	3
938	1
1180	25
1468	3
1750	3
2003	1

v2= (367)
220	1
472	3
755	3
1042	25
1285	1
1533	3
1855	3

v2= (368)
437	3
720	3
968	1
1288	3
1611	3
1858	1
2101	25
2388	3
2671	3
2924	1

v2= (369)
220	1
472	3
755	3
1042	25
1285	1
1533	3
1855	3
2176	1
2423	3
2706	3

v2= (370)
437	1
690	1
907	1
1050	1
1193	3
1440	3
1723	3
1971	3
2253	3
2576	5
2864	3
3111	2
3431	1
3649	1
3969	15
4257	3

v2= (371)
285	3
572	15
893	1
1110	1
1430	2
1678	3
1965	5
2288	3
2571	3
2818	3
3101	3
3349	3
3491	1
3634	1
3852	1
4104	1

v2= (372)
437	1
690	1
907	1
1050	1
1193	3
1440	3
1723	3
1971	3
2253	3
2576	5
2864	3
3111	6
3431	1

v2= (373)
220	1
540	6
787	3
1075	5
1398	3
1680	3
1928	3
2211	3
2458	3
2601	1
2743	1
2961	1
3214	1

v2= (374)
367	1
610	15
893	1
1283	1
1535	1
1753	1
1896	1
2038	3
2286	3
2569	3
2816	3
3099	3
3422	5
3709	3
3957	6
4277	1

v2= (375)
220	1
540	6
787	3
1075	5
1398	3
1680	3
1928	3
2211	3
2458	3
2601	1
2743	1
2961	1
3214	1
3604	1
3887	15
4129	1

v2= (376)
367	1
510	2
795	1
1163	1
1570	5
1858	1
2110	9
2358	3

v2= (377)
285	3
532	9
785	1
1073	5
1480	1
1848	1
2133	2
2276	1

v2= (378)
437	2
722	1
965	15
1288	1
1608	1
1750	2
2036	1
2403	1
2811	5
3098	1
3351	9
3599	3

v2= (379)
285	3
532	9
785	1
1073	5
1480	1
1848	1
2133	2
2276	1
2596	1
2918	15
3161	1
3446	2

v2= (380)
367	1
620	1
837	3
1120	1
1373	1
1590	2
1875	1
2266	1
2508	45
2791	3

v2= (381)
285	3
567	45
810	1
1200	1
1485	2
1703	1
1956	1
2238	3
2456	1
2709	1

v2= (382)
367	1
688	1
940	1
1158	3
1440	1
1693	3
1911	2

v2= (383)
287	2
505	3
757	1
1040	3
1258	1
1510	1
1830	1

v2= (384)
367	1
510	3
793	3
1075	2
1360	2
1645	5
1933	3
2253	1

v2= (385)
255	1
575	3
862	5
1148	2
1433	2
1715	3
1998	3
2141	1

v2= (386)
437	1
680	5
858	1
1100	5
1343	15
1625	1
1768	1
1986	3
2268	9
2591	1

v2= (387)
370	1
692	9
975	3
1193	1
1335	1
1618	15
1860	5
2103	1
2281	5
2523	1

v2= (388)
367	5
655	2
940	1
1193	3
1475	1
1728	3
2011	1
2331	6
2616	1

v2= (389)
220	1
505	6
825	1
1108	3
1360	1
1643	3
1896	1
2181	2
2468	5

v2= (390)
367	3
690	3
973	5
1260	3
1583	1
1903	3
2121	3

v2= (391)
285	3
502	3
823	1
1145	3
1433	5
1715	3
2038	3

v2= (392)
367	3
690	1
867	3
1190	1
1368	3
1615	1
1943	1
2263	3
2586	3
2869	15
3156	3

v2= (393)
280	3
567	15
850	3
1172	3
1493	1
1820	1
2068	3
2246	1
2568	3
2746	1
3068	3

v2= (394)
367	3
690	1
867	3
1190	1
1368	9
1615	1

v2= (395)
330	1
577	9
755	1
1077	3
1255	1
1578	3

v2= (396)
367	1
735	1
1055	3
1378	1
1555	3
1878	1
2056	9
2303	1

v2= (397)
330	1
577	9
755	1
1077	3
1255	1
1578	3
1898	1
2266	1

v2= (398)
367	5
655	1
797	1
975	3
1298	1
1515	3
1798	1
2051	2
2336	1
2656	3
2939	1
3156	1
3564	1
3741	3
4024	1
4242	3
4564	3
4847	6
5167	2

v2= (399)
287	2
607	6
890	3
1213	3
1430	1
1713	3
1890	1
2298	1
2516	1
2798	3
3119	1
3404	2
3656	1
3939	3
4157	1
4479	3
4657	1
4799	1
5087	5

v2= (400)
367	1
585	1
762	1
1015	1
1268	2
1553	1
1770	5
2058	3
2341	1
2806	1
3023	3
3306	1
3559	3
3881	3
4204	3
4382	1

v2= (401)
322	1
500	3
822	3
1145	3
1398	1
1680	3
1898	1
2363	1
2646	3
2933	5
3151	1
3436	2
3689	1
3941	1
4119	1
4337	1

v2= (402)
367	1
585	1
762	1
1015	1
1268	2
1553	1
1770	5
2058	3
2341	1
2806	1
3023	3
3306	1
3559	3
3881	9
4204	1

v2= (403)
180	1
502	9
825	3
1077	1
1360	3
1578	1
2043	1
2326	3
2613	5
2831	1
3116	2
3369	1
3621	1
3799	1
4016	1

v2= (404)
367	5
655	5
942	1
1310	9
1633	3

v2= (405)
280	3
602	9
970	1
1257	5
1545	5

v2= (406)
367	3
650	1
970	5
1258	5
1545	1
1913	9
2236	3

v2= (407)
325	3
647	9
1015	1
1302	5
1590	5
1910	1
2193	3

v2= (408)
280	3
602	9
970	1
1257	5
1545	5
1865	1
2148	3

v2= (409)
367	1
585	1
912	3
1195	1
1438	10
1723	1
1901	3
2183	5
2471	2
2791	3
3074	3
3396	3
3716	3

v2= (410)
285	3
605	3
928	3
1210	3
1530	2
1818	5
2101	3
2278	1
2563	10
2806	1
3089	3
3416	1
3634	1

v2= (411)
367	1
585	1
912	3
1195	1
1438	10
1723	1
1901	3
2183	5
2471	2
2791	9
3074	3

v2= (412)
325	3
607	9
927	2
1215	5
1498	3
1675	1
1960	10
2203	1
2486	3
2813	1
3031	1

v2= (413)
367	3
650	3
933	1
1300	5
1588	1
1806	3
2213	1

v2= (414)
322	1
730	3
947	1
1235	5
1603	1
1885	3
2168	3

v2= (415)
367	1
688	3
970	1
1148	1
1400	1
1543	1
1951	2
2236	2
2521	1
2738	1
3106	1
3506	1
3874	3
4126	1

v2= (416)
410	1
662	3
1030	1
1430	1
1798	1
2015	1
2300	2
2586	2
2993	1
3136	1
3388	1
3566	1
3849	3
4169	1

v2= (417)
367	3
690	3
973	1
1225	3
1508	3
1831	9
2078	1

v2= (418)
322	1
570	9
893	3
1175	3
1428	1
1711	3
2033	3

v2= (419)
367	3
690	1
1010	3
1333	3
1615	1
1868	3
2151	9
2473	3

v2= (420)
250	3
572	9
855	3
1108	1
1390	3
1713	3
2033	1
2356	3

v2= (421)
437	3
720	1
1128	2
1413	3
1695	1
1948	1
2268	3
2521	3

v2= (422)
285	3
537	3
858	1
1110	1
1393	3
1678	2
2086	1
2368	3

v2= (423)
437	3
720	1
1128	2
1413	9
1695	1

v2= (424)
255	1
537	9
822	2
1230	1
1513	3

v2= (425)
437	1
655	3
977	1
1230	1
1448	2
1733	3
1980	1
2233	1
2451	1
2778	2
3063	1
3454	3
3919	3

v2= (426)
280	3
745	3
1135	1
1420	2
1748	1
1965	1
2218	1
2466	3
2751	2
2968	1
3221	1
3544	3
3761	1

v2= (427)
437	2
757	1
1085	2
1370	1
1738	1
1915	3
2198	3
2451	1

v2= (428)
330	1
582	3
865	3
1043	1
1410	1
1695	2
2023	1
2343	2

v2= (429)
435	1
687	3
970	3
1148	1
1515	1
1800	2
2128	1
2448	2

v2= (430)
437	2
757	1
1085	2
1370	1
1738	1
1915	9
2198	1

v2= (431)
255	1
537	9
715	1
1083	1
1368	2
1695	1
2015	2

v2= (432)
437	1
805	3
1053	3
1335	1
1726	2
2046	1
2373	2
2658	1
3026	3
3204	3

v2= (433)
390	3
567	3
935	1
1220	2
1548	1
1868	2
2258	1
2541	3
2789	3
3156	1

v2= (434)
367	1
510	3
758	2
1043	3
1325	2
1610	1
2001	1
2368	9
2616	3

v2= (435)
285	3
532	9
900	1
1290	1
1575	2
1858	3
2143	2
2391	3
2533	1

v2= (436)
437	1
902	3
1185	1
1428	15
1676	2
1961	1
2281	3
2649	1

v2= (437)
330	1
697	3
1018	1
1303	2
1550	15
1793	1
2076	3
2541	1

v2= (438)
367	2
652	1
830	3
1078	2
1363	1
1730	1
2121	1
2586	3
2869	1
3111	45
3359	2

v2= (439)
287	2
535	45
777	1
1060	3
1525	1
1916	1
2283	1
2568	2
2816	3
2994	1
3279	2

v2= (440)
437	2
722	1
1050	3
1333	1
1740	1
2108	1
2251	1
2393	1
2571	3
2818	3
3101	1
3244	1
3421	1
3564	1
3706	3
3989	1
4132	9
4379	1

v2= (441)
220	1
467	9
610	1
893	3
1035	1
1178	1
1355	1
1498	1
1780	3
2028	3
2206	1
2348	1
2491	1
2859	1
3266	1
3549	3
3877	1
4162	2

v2= (442)
437	1
828	3
1150	3
1473	1
1725	3
2008	1
2186	1
2438	1
2656	2
2941	1
3084	3
3331	1
3584	1
3826	15
4149	3
4432	1
4674	5
4817	6
5137	2

v2= (443)
322	2
642	6
785	5
1027	1
1310	3
1633	15
1875	1
2128	1
2376	3
2518	1
2803	2
3021	1
3274	1
3451	1
3734	3
3987	1
4309	3
4632	3
5022	1

v2= (444)
367	1
545	3
793	1
1045	3
1293	1
1435	3
1718	3
1966	3
2213	1
2356	1
2724	3
3006	1
3224	1
3367	3
3649	1
4017	1
4344	2
4665	1
4985	1
5328	1
5545	3
5763	3

v2= (445)
285	3
502	3
720	1
1063	1
1383	1
1703	2
2031	1
2398	1
2681	3
2823	1
3041	1
3324	3
3691	1
3834	1
4082	3
4329	3
4612	3
4755	1
5002	3
5255	1
5503	3
5680	1

v2= (446)
367	3
650	2
935	3
1218	1
1608	3
1891	3
2356	1

v2= (447)
145	1
610	3
892	3
1283	1
1565	3
1851	2
2133	3

v2= (448)
367	3
650	2
935	1
1255	3
1538	6
1823	3

v2= (449)
285	3
570	6
853	3
1173	1
1458	2
1741	3

v2= (450)
367	1
735	1
878	1
1205	1
1613	3
1935	1
2188	1
2331	3
2613	3
2896	1
3039	5
3326	3
3609	3
3892	9
4174	1

v2= (451)
322	1
605	9
888	3
1170	3
1458	5
1601	1
1883	3
2166	3
2308	1
2561	1
2884	3
3291	1
3619	1
3762	1
4129	1

v2= (452)
437	1
680	5
822	1
1040	3
1288	3
1570	1
1788	1
1966	1
2183	5
2471	5
2758	2
3078	1
3256	1
3599	2
3884	1
4026	3
4274	5
4562	1
4704	3
4987	1
5204	3
5527	10
5770	15

v2= (453)
430	15
672	10
995	3
1212	1
1495	3
1638	1
1925	5
2173	3
2316	1
2601	2
2943	1
3121	1
3441	2
3729	5
4016	5
4234	1
4411	1
4629	1
4912	3
5159	3
5377	1
5519	5
5762	1

v2= (454)
367	1
545	1
762	1
980	1
1233	1
1553	1
1770	3
2023	1

v2= (455)
220	1
472	3
690	1
1010	1
1263	1
1480	1
1698	1
1875	1

v2= (456)
437	3
720	2
1005	1
1325	1
1503	1
1721	3
1938	1

v2= (457)
255	1
472	3
690	1
867	1
1188	1
1473	2
1755	3

v2= (458)
437	3
720	5
1008	5
1295	3
1618	3
1900	3
2183	3
2466	3
2749	2
3034	1
3424	1
3792	3
4074	1
4402	1
4620	1
4797	1
5040	5
5257	3
5540	2
5825	1
6043	3
6260	2

v2= (459)
287	2
505	3
722	1
1007	2
1290	3
1508	5
1750	1
1928	1
2145	1
2473	1
2756	3
3123	1
3514	1
3799	2
4082	3
4364	3
4647	3
4930	3
5252	3
5540	5
5827	5
6110	3

v2= (460)
437	3
720	5
1008	5
1295	3
1618	3
1900	3
2183	3
2466	9
2749	2

v2= (461)
287	2
570	9
853	3
1135	3
1418	3
1741	3
2028	5
2316	5
2598	3

v2= (462)
367	2
687	3
1010	1
1353	1
1530	6
1850	1

v2= (463)
392	1
712	6
890	1
1233	1
1555	3
1875	2

v2= (464)
367	3
650	3
933	1
1253	2
1573	3
1896	1
2238	3
2416	2

v2= (465)
322	2
500	3
842	1
1165	3
1485	2
1805	1
2088	3
2371	3

v2= (466)
367	2
652	1
905	1
1123	1
1375	1
1743	3
2111	1

v2= (467)
392	1
760	3
1128	1
1380	1
1598	1
1850	1
2136	2

v2= (468)
367	3
615	2
900	1
1268	2
1588	1
1978	9
2261	1

v2= (469)
145	1
427	9
818	1
1138	2
1505	1
1790	2
2038	3

v2= (470)
367	3
690	5
977	1
1443	1
1695	1
1913	2
2233	3
2481	1
2801	9
3049	3

v2= (471)
285	3
532	9
853	1
1100	3
1420	2
1638	1
1891	1
2356	1
2643	5
2966	3

v2= (472)
437	1
655	3
903	1
1270	1
1660	3
1908	1
2126	5
2413	3
2666	1

v2= (473)
410	1
662	3
950	5
1167	1
1415	3
1805	1
2173	1
2421	3
2638	1

v2= (474)
367	1
688	3
970	1
1370	1
1778	3
2061	2
2346	1
2746	1
3154	1
3331	9
3614	1

v2= (475)
255	1
537	9
715	1
1123	1
1523	1
1808	2
2090	3
2498	1
2898	1
3181	3
3501	1

v2= (476)
367	3
650	1
1115	3
1398	3
1766	1

v2= (477)
322	1
690	3
973	3
1438	1
1721	3

v2= (478)
367	3
615	3
898	1
1075	2
1360	15
1648	5

v2= (479)
290	5
577	15
862	2
1040	1
1323	3
1570	3

v2= (480)
437	1
680	10
1000	1
1218	2
1538	3
1821	1
2073	9
2321	1

v2= (481)
220	1
467	9
720	1
1003	3
1323	2
1540	1
1860	10
2103	1

v2= (482)
437	1
845	3
1128	3
1450	1
1915	1
2058	3
2381	1
2771	3
3054	3
3376	1
3554	1
3771	3
4139	1

v2= (483)
180	1
547	3
765	1
942	1
1265	3
1548	3
1938	1
2261	3
2403	1
2868	1
3191	3
3474	3
3881	1

v2= (484)
437	1
845	3
1128	3
1450	1
1915	3
2058	3

v2= (485)
325	3
467	3
932	1
1255	3
1538	3
1945	1

v2= (486)
437	1
615	1
1080	1
1448	3
1770	5
2058	1
2448	1
2856	3
3139	3
3461	1
3926	3
4069	3

v2= (487)
325	3
467	3
932	1
1255	3
1538	3
1945	1
2336	1
2623	5
2946	3
3313	1
3779	1
3956	1

v2= (488)
367	1
610	5
1000	3
1283	3
1605	1
1948	3
2126	2

v2= (489)
322	2
500	3
842	1
1165	3
1448	3
1838	5
2081	1

v2= (490)
280	2
457	3
800	1
1122	3
1405	3
1795	5
2038	1

v2= (491)
370	1
587	1
907	1
1150	5
1540	3
1823	3
2146	1
2488	3
2666	2

v2= (492)
322	2
500	3
842	1
1165	3
1448	3
1838	5
2081	1
2401	1
2618	1

v2= (493)
437	3
720	3
968	2
1288	5
1575	1
1903	1
2311	1
2553	45
2836	1

v2= (494)
435	1
717	45
960	1
1368	1
1695	1
1983	5
2303	2
2551	3
2833	3

v2= (495)
437	3
720	3
968	2
1288	5
1575	1
1903	1
2311	10
2553	15

v2= (496)
285	15
527	10
935	1
1263	1
1550	5
1870	2
2118	3
2401	3

v2= (497)
437	3
720	3
968	2
1288	5
1575	1
1903	3
2311	1

v2= (498)
245	1
652	3
980	1
1267	5
1588	2
1835	3
2118	3

v2= (499)
367	2
652	1
870	3
1153	2
1473	3
1756	1
2098	3
2381	1
2558	1
2776	10
3019	15

v2= (500)
285	15
527	10
745	1
923	1
1205	3
1548	1
1831	3
2151	2
2433	3
2651	1
2936	2

v2= (501)
437	1
655	1
1045	1
1298	1
1515	1
1883	5
2171	3
2453	1
2671	2
2956	1
3324	1
3576	2
3861	1
4104	15
4357	1

v2= (502)
220	1
472	15
715	1
1000	2
1253	1
1620	1
1905	2
2123	1
2406	3
2693	5
3061	1
3278	1
3531	1
3921	1
4139	1

v2= (503)
437	1
845	1
1098	3
1420	1
1673	1
1850	5
2138	2
2458	3
2741	1
2983	15
3266	5
3554	1
3806	1
4024	2
4309	1
4699	3
5027	1

v2= (504)
370	1
697	3
1088	1
1373	2
1590	1
1843	1
2130	5
2413	15
2656	1
2938	3
3259	2
3546	5
3724	1
3976	1
4299	3
4552	1
4959	1

v2= (505)
437	1
845	1
1098	3
1420	1
1673	1
1850	5
2138	2
2458	3
2741	1
2983	15
3266	5
3554	1
3806	3
4024	2

v2= (506)
287	2
505	3
757	1
1045	5
1328	15
1570	1
1853	3
2173	2
2461	5
2638	1
2891	1
3213	3
3466	1
3874	1

v2= (507)
437	1
580	1
988	1
1395	3
1678	3
1895	1

v2= (508)
322	1
540	3
823	3
1230	1
1638	1
1780	1

v2= (509)
437	1
580	1
988	1
1395	9
1678	1

v2= (510)
220	1
502	9
910	1
1318	1
1460	1

v2= (511)
367	3
650	3
933	1
1260	1
1438	3
1761	3
2043	5
2331	1
2548	1
2766	1
3009	5
3416	1
3824	1
4151	1
4542	1
4684	1
5092	1
5500	9
5782	1

v2= (512)
220	1
502	9
910	1
1318	1
1460	1
1850	1
2178	1
2586	1
2993	5
3236	1
3454	1
3671	1
3959	5
4241	3
4564	3
4742	1
5069	1
5352	3
5635	3

v2= (513)
367	3
650	3
933	1
1260	1
1438	3
1761	3
2043	5
2331	1
2548	1
2766	1
3009	5
3416	3
3824	1

v2= (514)
330	1
737	3
1145	5
1388	1
1605	1
1823	1
2110	5
2393	3
2716	3
2893	1
3221	1
3504	3
3786	3

v2= (515)
437	1
758	3
1040	3
1323	1
1651	1
1828	3
2151	3
2433	5
2721	1
2939	1
3156	1
3399	5
3806	3
4214	1

v2= (516)
330	1
737	3
1145	5
1388	1
1605	1
1823	1
2110	5
2393	3
2716	3
2893	1
3221	1
3504	3
3786	3
4106	1

v2= (517)
367	3
650	1
978	1
1345	2
1665	1
1918	2
2238	1
2481	5
2698	9
2981	1

v2= (518)
392	1
675	9
893	5
1135	1
1455	2
1708	1
2028	2
2396	1
2723	1
3006	3

v2= (519)
367	1
735	1
953	1
1170	3
1418	1
1560	1
1881	3
2163	1
2491	1
2859	2
3179	1
3431	2
3751	1
3994	15
4212	3

v2= (520)
285	3
502	15
745	1
1065	2
1318	1
1638	2
2006	1
2333	1
2616	3
2936	1
3079	1
3326	3
3544	1
3761	1
4129	1

v2= (521)
437	1
780	1
998	5
1285	1
1675	2
1995	1
2363	1
2771	1
3171	1
3424	3
3706	3
3954	2
4239	3
4522	3
4739	3

v2= (522)
325	3
542	3
825	3
1110	2
1358	3
1640	3
1893	1
2293	1
2701	1
3068	1
3389	2
3779	1
4066	5
4284	1
4627	1

v2= (523)
280	3
497	3
780	3
1065	2
1313	3
1595	3
1848	1
2248	1
2656	1
3023	1
3344	2
3734	1
4021	5
4239	1
4582	1

v2= (524)
367	1
585	1
827	5
1080	1
1333	3
1615	1
1983	2
2268	1
2611	9
2894	3

v2= (525)
250	3
532	9
875	1
1160	2
1528	1
1811	3
2063	1
2316	5
2558	1
2776	1

v2= (526)
367	2
652	1
905	3
1228	3
1510	3
1793	1
2136	3
2478	1

v2= (527)
322	1
665	3
1008	1
1290	3
1573	3
1896	3
2148	1
2433	2

v2= (528)
367	5
655	2
940	2
1225	2
1510	1
1830	2
2116	1
2368	3
2691	3
2973	3
3256	3
3599	1

v2= (529)
345	1
687	3
970	3
1253	3
1575	3
1828	1
2113	2
2433	1
2718	2
3004	2
3289	2
3576	5

v2= (530)
437	3
720	1
938	1
1155	1
1373	1
1740	1
1918	1
2326	1
2578	3
2861	5
3149	2
3434	3
3716	3
3999	3
4319	2

v2= (531)
280	2
600	3
883	3
1165	3
1450	2
1738	5
2021	3
2273	1
2681	1
2859	1
3226	1
3444	1
3661	1
3879	1
4162	3

v2= (532)
437	3
720	1
938	1
1155	1
1373	1
1740	1
1918	1
2326	1
2578	3
2861	5
3149	2
3434	9
3716	3

v2= (533)
285	3
567	9
853	2
1140	5
1423	3
1675	1
2083	1
2261	1
2628	1
2846	1
3064	1
3281	1
3564	3

v2= (534)
367	1
758	3
1040	1
1258	1
1475	1
1693	1
2061	1
2238	1
2646	1
2899	3
3181	5
3469	2
3754	9
4037	3

v2= (535)
285	3
567	9
853	2
1140	5
1423	3
1675	1
2083	1
2261	1
2628	1
2846	1
3064	1
3281	1
3564	3
3954	1

v2= (536)
437	3
760	3
1083	5
1370	9
1653	1

v2= (537)
322	1
605	9
893	5
1215	3
1538	3

v2= (538)
367	3
690	3
973	1
1225	1
1443	1
1833	3
2156	3
2478	15
2766	3

v2= (539)
285	3
572	15
895	3
1218	3
1608	1
1825	1
2078	1
2361	3
2683	3

v2= (540)
367	2
652	5
940	1
1308	1
1628	3
1950	3
2233	3
2486	1

v2= (541)
220	1
472	3
755	3
1078	3
1398	1
1765	1
2053	5
2338	2

v2= (542)
367	1
832	3
1080	1
1298	1
1550	1
1918	3
2201	1
2418	1
2636	2
2921	3
3204	1
3524	2
3809	15
4097	1

v2= (543)
370	1
657	15
942	2
1263	1
1545	3
1830	2
2048	1
2266	1
2548	3
2916	1
3169	1
3386	1
3634	3
4099	1

v2= (544)
437	3
720	1
938	1
1190	1
1408	3
1690	1
2011	1
2476	3
2724	1
2941	1
3194	1
3561	3
3844	1
4062	1
4279	6
4564	3

v2= (545)
285	3
570	6
787	1
1005	1
1288	3
1655	1
1908	1
2126	1
2373	3
2838	1
3159	1
3441	3
3659	1
3912	1
4129	1
4412	3

v2= (546)
367	1
510	3
832	1
1298	3
1580	3
1863	1
2183	9
2466	1

v2= (547)
255	1
537	9
858	1
1140	3
1423	3
1888	1
2211	3
2353	1

v2= (548)
437	1
902	1
1223	1
1365	3
1688	1
2153	9
2436	3

v2= (549)
285	3
567	9
1033	1
1355	3
1498	1
1818	1
2283	1

v2= (550)
437	1
690	1
1058	3
1305	3
1588	3
1911	1
2163	1
2306	1
2483	1
2701	3
2984	3
3266	1
3634	1
3777	3
4167	1

v2= (551)
467	1
857	3
1000	1
1368	1
1650	3
1933	3
2151	1
2328	1
2471	1
2723	1
3046	3
3329	3
3576	3
3944	1
4197	1

v2= (552)
437	1
690	1
1058	3
1305	3
1588	3
1911	1
2163	1
2306	1
2483	1
2701	3
2984	3
3266	3
3634	1

v2= (553)
145	1
512	3
795	3
1078	3
1295	1
1473	1
1615	1
1868	1
2191	3
2473	3
2721	3
3089	1
3341	1

v2= (554)
300	1
517	1
925	2
1245	1
1613	2
1933	3
2216	3
2358	1

v2= (555)
370	1
512	3
795	3
1115	2
1483	1
1803	2
2211	1
2428	1

v2= (556)
437	1
655	1
832	1
1075	5
1395	2
1715	3
2038	3
2321	1
2538	3
2756	3

v2= (557)
325	3
542	3
760	1
1042	3
1365	3
1685	2
2005	5
2248	1
2426	1
2643	1

v2= (558)
280	3
497	3
715	1
997	3
1320	3
1640	2
1960	5
2203	1
2381	1
2598	1

v2= (559)
437	1
690	1
1080	1
1298	1
1475	1
1718	5
2038	2
2358	3
2681	3
2964	1
3181	3
3399	3

v2= (560)
325	3
542	3
760	1
1042	3
1365	3
1685	2
2005	5
2248	1
2426	1
2643	1
3034	1
3286	1

v2= (561)
280	3
497	3
715	1
997	3
1320	3
1640	2
1960	5
2203	1
2381	1
2598	1
2989	1
3241	1

v2= (562)
437	1
655	1
872	3
1120	3
1403	1
1620	5
1908	1
2316	3
2598	3
2846	1
2989	3
3206	2

v2= (563)
287	2
505	3
647	1
895	3
1178	3
1585	1
1873	5
2090	1
2373	3
2621	3
2838	1
3056	1

v2= (564)
437	1
828	1
1045	1
1263	3
1510	3
1793	1
2011	5
2298	1
2706	3
2989	3
3236	1
3379	3
3596	2

v2= (565)
287	2
505	3
647	1
895	3
1178	3
1585	1
1873	5
2090	1
2373	3
2621	3
2838	1
3056	1
3446	1

v2= (566)
437	1
902	1
1310	3
1593	3
1915	1
2283	1
2611	3
2933	1
3076	2
3396	3
3644	1
4109	3
4362	1

v2= (567)
392	1
645	3
1110	1
1358	3
1678	2
1820	1
2143	3
2471	1
2838	1
3161	3
3444	3
3851	1
4317	1

v2= (568)
437	1
902	1
1310	3
1593	3
1915	1
2283	1
2611	3
2933	1
3076	2
3396	3
3644	3
4109	1

v2= (569)
255	1
720	3
968	3
1288	2
1430	1
1753	3
2080	1
2448	1
2771	3
3053	3
3461	1
3926	1

v2= (570)
367	1
610	5
1000	1
1390	1
1856	1
2263	3
2546	3
2869	1
3236	1
3564	3
3886	1
4029	2
4349	3
4597	3
5062	1

v2= (571)
255	1
720	3
968	3
1288	2
1430	1
1753	3
2080	1
2448	1
2771	3
3053	3
3461	1
3926	1
4317	1
4707	5
4949	1

v2= (572)
437	3
685	1
1005	1
1373	1
1625	1
1968	1
2211	5
2353	1
2496	1
2713	1
3041	3
3289	1
3689	5
3976	3
4376	1

v2= (573)
330	1
730	3
1017	5
1417	1
1665	3
1993	1
2210	1
2353	1
2495	5
2738	1
3081	1
3333	1
3701	1
4021	1
4269	3

v2= (574)
367	3
650	3
973	2
1293	3
1615	5
1903	2
2223	1
2688	1
3009	2
3329	9
3651	3

v2= (575)
285	3
607	9
927	2
1248	1
1713	1
2033	2
2321	5
2643	3
2963	2
3286	3
3569	3

v2= (576)
367	1
688	3
970	3
1293	2
1613	3
1936	5
2223	6
2543	1

v2= (577)
467	1
787	6
1075	5
1398	3
1718	2
2040	3
2323	3
2643	1

v2= (578)
367	2
687	3
970	2
1290	3
1573	1
1893	6
2213	3

v2= (579)
325	3
645	6
965	1
1248	3
1568	2
1851	3
2171	2

v2= (580)
367	2
652	3
975	1
1295	2
1615	3
1898	6
2218	3

v2= (581)
285	3
605	6
888	3
1208	2
1528	1
1851	3
2136	2

v2= (582)
437	1
680	25
967	1
1310	1
1638	1
1855	1
2073	1
2290	1
2533	5
2751	1
2893	2
3213	3
3534	2

v2= (583)
287	2
607	3
928	2
1070	1
1288	5
1530	1
1748	1
1965	1
2183	1
2511	1
2853	1
3141	25
3383	1

v2= (584)
335	1
677	1
1005	1
1222	1
1440	1
1658	1
1900	5
2118	3
2260	2

v2= (585)
280	2
422	3
640	5
882	1
1100	1
1318	1
1535	1
1863	1
2205	1

v2= (586)
437	1
680	25
967	1
1310	1
1638	1
1855	1
2073	1
2290	1
2533	5
2751	3
2893	2

v2= (587)
280	2
422	3
640	5
882	1
1100	1
1318	1
1535	1
1863	1
2205	1
2493	25
2736	1

v2= (588)
367	1
610	25
897	3
1220	2
1540	1
1718	1
2045	3
2328	2
2613	3
2896	2
3181	1
3509	9
3791	1

v2= (589)
330	1
612	9
940	1
1225	2
1508	3
1793	2
2076	3
2403	1
2581	1
2901	2
3224	3
3511	25
3754	1

v2= (590)
367	1
545	3
793	1
1045	3
1368	1
1695	3
1978	1
2231	6
2516	3

v2= (591)
285	3
570	6
822	1
1105	3
1433	1
1755	3
2008	1
2256	3
2433	1

v2= (592)
367	1
735	3
1058	3
1380	3
1663	2
1983	1
2201	2
2486	2
2771	1
2948	9
3231	1

v2= (593)
145	1
427	9
605	1
890	2
1175	2
1393	1
1713	2
1996	3
2318	3
2641	3
3008	1

v2= (594)
367	1
545	3
828	3
1150	3
1433	3
1801	1

v2= (595)
322	1
690	3
973	3
1295	3
1578	3
1756	1

v2= (596)
367	1
688	1
865	3
1148	3
1470	9
1753	1

v2= (597)
370	1
652	9
975	3
1258	3
1435	1
1756	1

v2= (598)
367	2
652	3
900	1
1143	10
1428	3
1750	3
2073	3
2356	3
2573	1

v2= (599)
392	1
610	3
893	3
1215	3
1538	3
1823	10
2066	1
2313	3
2598	2

v2= (600)
367	2
652	3
900	1
1143	10
1428	3
1750	3
2073	9
2356	1

v2= (601)
220	1
502	9
825	3
1148	3
1433	10
1675	1
1923	3
2208	2

v2= (602)
437	1
780	5
1068	3
1390	1
1568	3
1815	5
2103	3
2423	1

v2= (603)
180	1
500	3
787	5
1035	3
1213	1
1535	3
1823	5
2166	1

v2= (604)
367	3
615	3
898	1
1150	3
1433	1
1651	2
1936	3
2218	1
2609	1
2951	5
3239	3
3561	1
3739	9
3987	5

v2= (605)
290	5
537	9
715	1
1037	3
1325	5
1668	1
2058	1
2341	3
2626	2
2843	1
3126	3
3379	1
3661	3
3909	3

v2= (606)
367	3
615	3
898	1
1150	3
1433	1
1651	6
1936	3

v2= (607)
285	3
570	6
787	1
1070	3
1323	1
1605	3
1853	3

v2= (608)
367	1
585	1
802	1
1123	3
1370	3
1653	1
1906	3
2188	1
2406	6
2691	3

v2= (609)
285	3
570	6
787	1
1070	3
1323	1
1605	3
1853	3
2173	1
2391	1
2609	1

v2= (610)
367	3
690	1
867	2
1153	3
1475	5
1763	5
2050	3
2228	1

v2= (611)
322	1
500	3
787	5
1075	5
1398	3
1683	2
1860	1
2183	3

v2= (612)
367	3
615	5
903	3
1150	2
1470	1
1723	1
1941	3
2263	1
2441	1
2693	1
2946	1
3266	3
3444	3

v2= (613)
325	3
502	3
822	1
1075	1
1328	1
1505	1
1828	3
2045	1
2298	1
2618	2
2866	3
3153	5
3401	3

v2= (614)
280	3
457	3
777	1
1030	1
1283	1
1460	1
1783	3
2000	1
2253	1
2573	2
2821	3
3108	5
3356	3

v2= (615)
367	1
688	3
935	5
1223	3
1470	2
1791	1
2043	1
2261	3
2583	1
2761	3
3014	1

v2= (616)
255	1
507	3
685	1
1007	3
1225	1
1478	1
1798	2
2045	3
2333	5
2581	3
2901	1

v2= (617)
367	3
615	5
903	3
1225	3
1548	9
1870	1

v2= (618)
322	1
645	9
967	3
1290	3
1578	5
1825	3

v2= (619)
367	3
690	1
1010	3
1258	5
1545	3
1868	9
2191	3

v2= (620)
325	3
647	9
970	3
1257	5
1505	3
1825	1
2148	3

v2= (621)
367	1
610	15
858	3
1105	2
1425	2
1711	5
1998	9
2321	1

v2= (622)
322	1
645	9
932	5
1218	2
1538	2
1785	3
2033	15
2276	1

v2= (623)
367	1
610	15
858	3
1105	2
1425	2
1711	15
1998	3

v2= (624)
325	3
612	15
897	2
1217	2
1465	3
1713	15
1955	1

v2= (625)
437	1
758	1
1000	15
1248	3
1496	2
1816	2
2101	15
2388	3

v2= (626)
325	3
612	15
897	2
1217	2
1465	3
1713	15
1955	1
2276	1

v2= (627)
280	3
567	15
852	2
1172	2
1420	3
1668	15
1910	1
2231	1

v2= (628)
367	5
655	3
977	1
1298	3
1580	3
1758	2

v2= (629)
287	2
465	3
747	3
1068	1
1390	3
1678	5

v2= (630)
367	2
687	2
1008	1
1375	1
1553	1
1805	3
2088	2
2408	1
2736	5
3023	1
3344	15
3631	3

v2= (631)
325	3
612	15
932	1
1220	5
1548	1
1868	2
2150	3
2403	1
2581	1
2948	1
3268	2
3589	2

v2= (632)
280	3
567	15
887	1
1175	5
1503	1
1823	2
2105	3
2358	1
2536	1
2903	1
3223	2
3544	2

v2= (633)
367	2
687	2
1008	1
1375	1
1553	1
1805	3
2088	2
2408	3
2736	5

v2= (634)
290	5
617	3
937	2
1220	3
1473	1
1650	1
2018	1
2338	2
2658	2

v2= (635)
367	3
690	3
938	5
1225	1
1443	1
1585	1
1828	5
2148	1
2326	15
2613	3

v2= (636)
325	3
612	15
790	1
1110	5
1353	1
1495	1
1713	1
2000	5
2248	3
2571	3

v2= (637)
437	1
758	1
1100	3
1383	1
1525	3
1743	3

v2= (638)
285	3
502	3
645	1
928	3
1270	1
1590	1

v2= (639)
367	3
690	1
1017	3
1340	1
1660	3
1908	3
2156	3
2478	3
2801	1
3128	1
3371	5
3589	3
3836	3
4054	2

v2= (640)
287	2
505	3
752	3
970	5
1213	1
1540	1
1863	3
2185	3
2433	3
2681	3
3001	1
3324	3
3651	1
3974	3

v2= (641)
437	1
690	1
832	3
1115	2
1435	3
1718	3
2001	1
2321	3
2644	3
2971	3

v2= (642)
280	3
607	3
930	3
1250	1
1533	3
1815	3
2136	2
2418	3
2561	1
2813	1

v2= (643)
437	1
655	1
1045	1
1373	1
1550	1
1893	3
2216	1
2681	3
3003	2
3288	3
3571	9
3894	1

v2= (644)
370	1
692	9
975	3
1260	2
1583	3
2048	1
2371	3
2713	1
2891	1
3218	1
3609	1
3826	1

v2= (645)
367	5
655	1
872	3
1195	2
1515	3
1798	3
2051	1

v2= (646)
435	1
687	3
970	3
1290	2
1613	3
1830	1
2118	5

v2= (647)
367	1
620	1
797	1
1165	1
1485	5
1773	1
1991	3
2313	2
2633	3
2916	3
3169	1

v2= (648)
330	1
582	3
865	3
1185	2
1508	3
1725	1
2013	5
2333	1
2701	1
2878	1
3131	1

v2= (649)
367	1
620	1
797	1
1165	1
1485	5
1773	1
1991	3
2313	2
2633	9
2916	1

v2= (650)
255	1
537	9
857	2
1180	3
1398	1
1685	5
2005	1
2373	1
2551	1
2803	1

v2= (651)
360	1
642	9
963	2
1285	3
1503	1
1790	5
2111	1
2478	1
2656	1
2908	1

v2= (652)
367	1
620	1
797	1
1165	1
1485	5
1773	1
1991	3
2313	6
2633	3

v2= (653)
390	3
710	6
1033	3
1250	1
1538	5
1858	1
2226	1
2403	1
2656	1

v2= (654)
437	1
655	1
1063	3
1385	1
1793	1
2045	1
2188	3
2471	1
2713	10
2998	1
3176	1
3419	5
3636	3
3854	2

v2= (655)
280	2
497	3
715	5
957	1
1135	1
1420	10
1663	1
1945	3
2088	1
2341	1
2748	1
3071	3
3479	1
3696	1

v2= (656)
367	1
688	3
970	3
1253	5
1541	3
1718	3

v2= (657)
250	3
427	3
715	5
998	3
1280	3
1601	1

v2= (658)
437	3
720	1
1063	3
1345	1
1598	1
1918	9
2201	1

v2= (659)
145	1
427	9
748	1
1000	1
1283	3
1625	1
1908	3

v2= (660)
367	2
652	1
830	1
1048	3
1330	1
1508	1
1685	2
2006	3
2396	3

v2= (661)
250	3
640	3
960	2
1138	1
1315	1
1598	3
1816	1
1993	1
2278	2

v2= (662)
367	2
652	1
830	1
1048	3
1330	1
1508	3
1685	2

v2= (663)
280	2
457	3
635	1
917	3
1135	1
1313	1
1598	2

v2= (664)
367	5
655	1
832	1
1010	3
1293	1
1660	3
1983	1
2161	3
2443	1
2764	2
3049	1
3226	1
3444	3
3727	1
3904	3
4082	2

v2= (665)
322	2
500	3
677	1
960	3
1178	1
1355	1
1640	2
1961	1
2243	3
2421	1
2743	3
3111	1
3394	3
3571	1
3749	1
4037	5

v2= (666)
280	2
457	3
635	1
917	3
1135	1
1313	1
1598	2
1918	1
2201	3
2378	1
2701	3
3069	1
3351	3
3529	1
3706	1
3994	5

v2= (667)
367	5
655	1
832	1
1010	3
1293	1
1660	3
1983	3
2161	3

v2= (668)
285	3
462	3
785	3
1153	1
1435	3
1613	1
1790	1
2078	5

v2= (669)
367	3
650	3
898	3
1145	5
1433	1
1841	2
2126	1
2368	15
2711	1

v2= (670)
255	1
597	15
840	1
1125	2
1533	1
1820	5
2068	3
2316	3
2598	3

v2= (671)
437	1
780	2
1100	1
1420	3
1703	3
1951	3
2198	5
2486	1
2894	2
3179	1
3421	15
3764	1

v2= (672)
255	1
597	15
840	1
1125	2
1533	1
1820	5
2068	3
2316	3
2598	3
2919	1
3239	2
3581	1

v2= (673)
437	1
805	1
1023	3
1305	1
1633	1
1775	1
1918	1
2061	3
2343	1
2521	5
2808	1
3199	3
3541	2

v2= (674)
322	2
665	3
1055	1
1343	5
1520	1
1803	3
1945	1
2088	1
2231	1
2558	1
2841	3
3058	1
3426	1

v2= (675)
280	2
622	3
1012	1
1300	5
1478	1
1760	3
1903	1
2045	1
2188	1
2516	1
2798	3
3016	1
3384	1

v2= (676)
437	3
685	3
968	5
1255	5
1543	1
1910	3
2158	1
2301	1
2518	1
2696	3
3018	1
3409	3
3586	3

v2= (677)
325	3
502	3
892	1
1215	3
1393	1
1610	1
1753	1
2000	3
2368	1
2656	5
2943	5
3226	3
3474	3

v2= (678)
280	3
457	3
847	1
1170	3
1348	1
1565	1
1708	1
1955	3
2323	1
2611	5
2898	5
3181	3
3429	3

v2= (679)
437	3
685	3
968	5
1255	5
1543	1
1910	3
2158	1
2301	1
2518	3
2696	3

v2= (680)
325	3
502	3
720	1
862	1
1110	3
1478	1
1765	5
2053	5
2336	3
2583	3

v2= (681)
280	3
457	3
675	1
817	1
1065	3
1433	1
1720	5
2008	5
2291	3
2538	3

v2= (682)
332	1
585	1
762	2
1083	1
1403	3
1685	3
1863	2

v2= (683)
280	2
457	3
740	3
1060	1
1380	2
1558	1
1810	1

v2= (684)
367	1
545	1
797	1
1050	2
1370	3
1693	1
1910	3
2233	2
2553	1
2796	5
3048	2
3369	2
3689	3
3906	1

v2= (685)
435	1
652	3
972	2
1293	2
1545	5
1788	1
2108	2
2431	3
2648	1
2971	3
3291	2
3543	1
3796	1
3974	1

v2= (686)
367	1
545	1
797	1
1050	2
1370	3
1693	1
1910	3
2233	2
2553	1
2796	5
3048	2
3369	6
3689	1

v2= (687)
220	1
540	6
860	2
1113	5
1355	1
1675	2
1998	3
2215	1
2538	3
2858	2
3111	1
3363	1
3541	1

v2= (688)
367	1
545	1
797	1
1050	2
1370	3
1693	1
1910	3
2233	2
2553	1
2796	5
3048	6
3369	2

v2= (689)
322	2
642	6
895	5
1138	1
1458	2
1780	3
1998	1
2321	3
2641	2
2893	1
3146	1
3323	1

v2= (690)
280	2
600	6
852	5
1095	1
1415	2
1738	3
1955	1
2278	3
2598	2
2851	1
3103	1
3281	1

v2= (691)
367	3
650	3
973	1
1215	15
1498	2
1783	1
1961	3
2243	1
2461	1
2781	3
3104	3
3426	5
3714	1
3932	15
4219	1

v2= (692)
330	1
617	15
835	1
1122	5
1445	3
1768	3
2088	1
2305	1
2588	3
2766	1
3051	2
3333	15
3576	1
3899	3
4181	3

v2= (693)
367	3
650	3
973	1
1215	15
1498	2
1783	1
1961	9
2243	1

v2= (694)
220	1
502	9
680	1
965	2
1248	15
1490	1
1813	3
2096	3

v2= (695)
367	1
610	5
788	1
1195	1
1515	3
1798	3
2121	1
2363	15
2646	2
2931	1
3109	9
3391	1

v2= (696)
220	1
502	9
680	1
965	2
1248	15
1490	1
1813	3
2096	3
2416	1
2824	1
3001	5
3244	1

v2= (697)
367	3
650	1
868	3
1190	1
1443	3
1726	1
1978	9
2301	2

v2= (698)
322	2
645	9
897	1
1180	3
1433	1
1755	3
1973	1
2256	3

v2= (699)
367	3
690	5
977	3
1300	1
1643	1
1885	5
2276	1
2596	3
2879	1
3096	3
3419	1
3671	3
3954	1
4207	9
4529	2

v2= (700)
322	2
645	9
897	1
1180	3
1433	1
1755	3
1973	1
2256	3
2576	1
2966	5
3209	1
3551	1
3874	3
4162	5
4484	3

v2= (701)
280	2
602	9
855	1
1138	3
1390	1
1713	3
1930	1
2213	3
2533	1
2924	5
3166	1
3509	1
3831	3
4119	5
4442	3

v2= (702)
367	1
585	3
907	5
1195	3
1518	2
1803	3
2125	1
2268	10
2511	15

v2= (703)
250	15
492	10
635	1
957	3
1243	2
1565	3
1853	5
2175	3
2393	1

v2= (704)
367	1
585	5
872	3
1155	1
1333	3
1655	3
1978	3
2261	3
2583	2
2903	1
3121	1
3441	3
3764	9
4086	3

v2= (705)
280	3
602	9
925	3
1245	1
1463	1
1783	2
2105	3
2388	3
2711	3
3033	3
3211	1
3494	3
3781	5
3999	1

v2= (706)
367	3
690	1
1010	1
1228	5
1515	3
1798	1
1976	3
2298	3
2621	3
2903	3
3226	6
3546	1

v2= (707)
220	1
540	6
862	3
1145	3
1468	3
1790	3
1968	1
2251	3
2538	5
2756	1
3076	1
3399	3

v2= (708)
367	1
775	3
1098	3
1380	5
1668	1
1920	3
2203	3
2526	1
2846	3
3129	1
3306	3
3559	1

v2= (709)
330	1
582	3
760	1
1043	3
1363	1
1685	3
1968	3
2221	1
2508	5
2791	3
3114	3
3521	1

v2= (710)
367	1
775	3
1098	3
1380	5
1668	1
1920	9
2203	3

v2= (711)
325	3
607	9
860	1
1148	5
1430	3
1753	3
2160	1

v2= (712)
437	3
720	2
1040	1
1218	1
1585	1
1906	1
2313	3
2636	3
2919	5
3206	1
3459	9
3742	3

v2= (713)
280	3
562	9
815	1
1102	5
1385	3
1708	3
2115	1
2436	1
2803	1
2981	1
3301	2
3584	3

v2= (714)
367	2
687	1
1078	3
1360	2
1681	3
1858	1

v2= (715)
370	1
547	3
867	2
1150	3
1540	1
1861	2

v2= (716)
437	3
685	3
968	2
1288	2
1573	5
1860	1
2268	3
2551	3
2871	2

v2= (717)
322	2
642	3
925	3
1333	1
1620	5
1905	2
2226	2
2508	3
2756	3

v2= (718)
437	3
685	3
968	2
1288	2
1573	5
1860	3
2268	3

v2= (719)
285	3
692	3
980	5
1265	2
1585	2
1868	3
2116	3

v2= (720)
367	1
710	1
1078	5
1365	2
1685	1
2028	3
2311	3
2678	1

v2= (721)
255	1
622	3
905	3
1248	1
1568	2
1855	5
2223	1
2566	1

v2= (722)
367	1
688	1
1030	1
1398	5
1685	2
2006	1
2348	3
2631	3
2999	1

v2= (723)
255	1
622	3
905	3
1248	1
1568	2
1855	5
2223	1
2566	1
2886	1

v2= (724)
437	2
722	3
1005	3
1288	3
1678	1

v2= (725)
180	1
570	3
853	3
1135	3
1420	2

v2= (726)
367	2
652	3
935	5
1223	1
1630	1
2096	1
2348	2
2668	1
2921	1
3174	1
3564	2
3849	9
4132	3

v2= (727)
285	3
567	9
853	2
1243	1
1495	1
1748	1
2068	2
2321	1
2786	1
3194	1
3481	5
3764	3
4049	2

v2= (728)
367	2
652	3
935	5
1223	1
1630	1
2096	1
2348	2
2668	3
2921	1

v2= (729)
255	1
507	3
827	2
1080	1
1545	1
1953	1
2240	5
2523	3
2808	2

v2= (730)
437	3
760	1
1080	2
1365	3
1648	5
1936	1
2343	1
2808	1
3061	2
3381	3
3634	1

v2= (731)
255	1
507	3
827	2
1080	1
1545	1
1953	1
2240	5
2523	3
2808	2
3129	1
3451	3

v2= (732)
367	3
650	1
893	15
1140	1
1483	1
1891	2
2176	3
2423	5
2711	1
2954	15
3236	3
3484	3
3767	5
4054	3
4382	5

v2= (733)
290	5
617	3
905	5
1187	3
1435	3
1718	15
1960	1
2248	5
2496	3
2781	2
3188	1
3531	1
3779	15
4021	1
4304	3

v2= (734)
437	3
720	1
863	3
1185	3
1468	5
1755	1
1973	3
2256	3
2578	2
2863	2
3149	3
3431	3
3822	1

v2= (735)
330	1
720	3
1003	3
1288	2
1573	2
1895	3
2178	3
2396	1
2683	5
2966	3
3289	3
3431	1
3714	3

v2= (736)
437	3
720	1
863	3
1185	3
1468	5
1755	1
1973	3
2256	3
2578	2
2863	6
3149	3

v2= (737)
285	3
570	6
855	2
1178	3
1460	3
1678	1
1965	5
2248	3
2571	3
2713	1
2996	3

v2= (738)
367	1
758	3
1040	1
1183	3
1505	3
1788	5
2076	1
2293	3
2576	3
2899	2
3184	6
3469	3

v2= (739)
285	3
570	6
855	2
1178	3
1460	3
1678	1
1965	5
2248	3
2571	3
2713	1
2996	3
3386	1

v2= (740)
437	3
720	1
963	10
1248	3
1530	3
1853	1
2096	5
2273	1
2416	1
2658	5
3026	1
3244	1
3586	1
3954	3
4362	1

v2= (741)
322	1
730	3
1098	1
1440	1
1658	1
2025	5
2268	1
2411	1
2588	5
2831	1
3154	3
3436	3
3721	10
3964	1
4247	3

v2= (742)
437	3
720	1
963	10
1248	3
1530	3
1853	1
2096	5
2273	1
2416	1
2658	5
3026	1
3244	1
3586	3
3954	1

v2= (743)
410	1
777	3
1120	1
1338	1
1705	5
1948	1
2090	1
2268	5
2511	1
2833	3
3116	3
3401	10
3644	1
3926	3

v2= (744)
437	3
760	3
1083	3
1330	3
1613	5
1900	1
2118	3
2401	2
2721	5
3008	3
3291	3
3614	1
4021	1
4164	3
4447	1
4767	9
5050	3

v2= (745)
250	3
532	9
853	1
1135	3
1278	1
1686	1
2008	3
2291	3
2578	5
2899	2
3181	3
3399	1
3686	5
3969	3
4217	3
4539	3
4862	3

v2= (746)
355	3
637	9
958	1
1240	3
1383	1
1791	1
2113	3
2396	3
2683	5
3004	2
3286	3
3504	1
3791	5
4074	3
4322	3
4644	3
4967	3

v2= (747)
367	3
650	1
903	3
1150	2
1435	5
1723	2
2008	1
2226	1
2478	1
2721	15
2898	3

v2= (748)
285	3
462	15
705	1
958	1
1175	1
1460	2
1748	5
2033	2
2281	3
2533	1
2816	3

v2= (749)
367	2
687	3
970	3
1253	3
1575	3
1858	3
2141	1
2358	1
2501	3
2784	6
3104	1

v2= (750)
392	1
712	6
995	3
1138	1
1355	1
1638	3
1921	3
2243	3
2526	3
2809	3
3129	2

v2= (751)
367	2
687	3
970	3
1253	3
1575	3
1858	3
2141	1
2358	1
2501	9
2784	2

v2= (752)
322	2
605	9
747	1
965	1
1248	3
1530	3
1853	3
2136	3
2418	3
2739	2

v2= (753)
437	1
655	3
938	3
1220	3
1543	5
1830	2
2116	1
2358	5
2536	1
2936	1
3256	2
3576	3
3859	3
4142	3
4464	3
4747	3
5030	1
5247	1
5390	9
5673	2

v2= (754)
322	2
605	9
747	1
965	1
1248	3
1530	3
1853	3
2136	3
2418	3
2739	2
3059	1
3459	1
3637	5
3879	1
4164	2
4452	5
4774	3
5057	3
5340	3
5557	1

v2= (755)
437	1
655	3
938	3
1220	3
1543	5
1830	2
2116	1
2358	15
2536	1

v2= (756)
402	1
580	15
822	1
1107	2
1395	5
1718	3
2000	3
2283	3
2501	1

v2= (757)
367	5
655	3
938	3
1220	1
1473	2
1758	1
2166	1
2556	1
2773	3
3056	3
3339	3
3662	5
3949	2
4234	1
4477	15
4654	1

v2= (758)
360	1
537	15
780	1
1065	2
1352	5
1675	3
1958	3
2240	3
2458	1
2848	1
3256	1
3541	2
3794	1
4076	3
4359	3
4647	5

v2= (759)
367	5
655	3
938	3
1220	1
1473	6
1758	1

v2= (760)
410	1
695	6
947	1
1230	3
1513	3
1800	5

v2= (761)
367	5
655	3
903	1
1080	1
1333	5
1620	10
1863	15

v2= (762)
285	15
527	10
815	5
1068	1
1245	1
1493	3
1780	5

v2= (763)
437	1
615	3
863	2
1183	2
1503	6
1823	1

v2= (764)
370	1
690	6
1010	2
1330	2
1578	3
1755	1

v2= (765)
367	1
585	3
833	3
1155	5
1443	1
1695	2
1980	1
2371	1
2548	3
2796	2
3116	2
3436	6
3756	1

v2= (766)
370	1
690	6
1010	2
1330	2
1578	3
1755	1
2146	1
2431	2
2683	1
2971	5
3294	3
3541	3
3759	1

v2= (767)
367	1
775	1
1103	3
1350	1
1603	3
1886	3
2208	5
2496	5
2783	2
3068	3
3389	1

v2= (768)
370	1
690	3
975	2
1263	5
1550	5
1873	3
2155	3
2408	1
2656	3
2983	1
3391	1

v2= (769)
367	1
775	1
1103	3
1350	1
1603	3
1886	3
2208	5
2496	15
2783	2

v2= (770)
287	2
575	15
862	5
1185	3
1468	3
1720	1
1968	3
2295	1
2703	1

v2= (771)
367	1
775	1
1018	5
1270	1
1613	1
1865	1
2083	1
2326	15
2608	1
2851	5
3069	3
3391	3
3714	5
4001	2
4322	3
4644	5
4932	15
5219	5

v2= (772)
290	5
577	15
865	5
1187	3
1507	2
1795	5
2118	3
2440	3
2658	5
2900	1
3183	15
3426	1
3643	1
3896	1
4239	1
4491	5
4734	1
5142	1

v2= (773)
437	1
655	2
940	2
1225	1
1593	1
1735	1
2078	3
2406	1

v2= (774)
220	1
547	3
890	1
1032	1
1400	1
1685	2
1970	2
2188	1

v2= (775)
367	1
735	1
1125	1
1343	2
1628	2
1913	1
2281	1
2423	1
2766	3
3093	1

v2= (776)
220	1
547	3
890	1
1032	1
1400	1
1685	2
1970	2
2188	1
2578	1
2946	1

v2= (777)
437	3
720	3
1003	1
1180	1
1508	1
1725	1
1943	1
2351	1
2671	3
2889	3

v2= (778)
285	3
502	3
823	1
1230	1
1448	1
1665	1
1993	1
2171	1
2453	3
2736	3

v2= (779)
437	3
720	3
1003	1
1180	1
1508	1
1725	3
1943	1

v2= (780)
410	1
627	3
845	1
1172	1
1350	1
1633	3
1915	3

v2= (781)
367	1
758	3
1040	3
1323	1
1501	1
1828	1
2046	3
2263	1

v2= (782)
410	1
627	3
845	1
1172	1
1350	1
1633	3
1915	3
2306	1

v2= (783)
367	3
615	3
898	1
1140	15
1531	1

v2= (784)
322	1
713	15
955	1
1238	3
1486	3

v2= (785)
367	3
690	1
933	15
1215	3
1498	3
1821	1
2038	3
2361	1
2603	5
2746	1
2999	9
3321	1

v2= (786)
255	1
577	9
830	1
972	5
1215	1
1538	3
1755	1
2078	3
2361	3
2643	15
2886	1
3209	3

v2= (787)
367	3
615	1
1080	5
1368	3
1650	5
1938	3
2186	1
2428	10
2748	1
2991	15
3239	3
3486	3
3809	9
4132	2

v2= (788)
322	2
645	9
967	3
1215	3
1463	15
1705	1
2025	10
2268	1
2516	3
2803	5
3086	3
3374	5
3839	1
4087	3

v2= (789)
437	3
685	3
933	3
1215	1
1681	3
2003	1
2371	3
2778	2

v2= (790)
322	2
730	3
1097	1
1420	3
1885	1
2168	3
2416	3
2663	3

v2= (791)
280	2
687	3
1055	1
1378	3
1843	1
2125	3
2373	3
2621	3

v2= (792)
437	2
722	1
965	15
1213	2
1498	1
1640	2
1925	1
2316	3
2563	3
2811	3
3094	1
3559	3
3882	1
4249	3
4657	2

v2= (793)
280	2
687	3
1055	1
1378	3
1843	1
2125	3
2373	3
2621	3
3011	1
3296	2
3439	1
3724	2
3971	15
4214	1
4499	2

v2= (794)
437	2
722	1
965	15
1213	2
1498	3
1640	2

v2= (795)
287	2
430	3
715	2
962	15
1205	1
1490	2

v2= (796)
335	3
617	1
860	5
1113	1
1290	1
1755	1
2146	2
2431	1
2673	15
2921	2
3206	3
3349	2

v2= (797)
287	2
430	3
715	2
962	15
1205	1
1490	2
1880	1
2346	1
2523	1
2776	5
3018	1
3301	3

v2= (798)
367	1
620	1
837	1
1015	1
1258	5
1510	3
1758	3
2041	3
2323	1
2541	1
2784	25
3071	3
3354	1
3597	5
3849	1
4027	1
4492	1
4882	2
5167	1
5410	15
5658	2
5943	3
6085	2

v2= (799)
287	2
430	3
715	2
962	15
1205	1
1490	2
1880	1
2346	1
2523	1
2776	5
3018	1
3301	3
3589	25
3831	1
4049	1
4332	3
4614	3
4862	3
5115	5
5357	1
5535	1
5752	1
6005	1

v2= (800)
367	1
620	1
837	1
1015	1
1258	5
1510	3
1758	3
2041	3
2323	1
2541	1
2784	25
3071	3
3354	1
3597	5
3849	3
4027	1

v2= (801)
467	1
645	3
897	5
1140	1
1423	3
1710	25
1953	1
2171	1
2453	3
2736	3
2984	3
3236	5
3479	1
3656	1
3874	1
4127	1

v2= (802)
437	1
615	1
1023	1
1275	3
1598	2
1918	1
2286	1
2606	1
3013	10
3256	15

v2= (803)
250	15
492	10
900	1
1220	1
1588	1
1908	2
2231	3
2483	1
2891	1
3069	1

v2= (804)
437	1
765	1
1155	1
1333	1
1740	1
1993	3
2316	6
2636	1

v2= (805)
370	1
690	6
1012	3
1265	1
1673	1
1850	1
2241	1
2568	1

v2= (806)
437	1
680	5
898	3
1180	2
1500	3
1823	1
2143	1
2361	3
2644	3
2786	1

v2= (807)
360	1
502	3
785	3
1002	1
1323	1
1645	3
1965	2
2248	3
2466	5
2708	1

v2= (808)
437	1
845	5
1133	1
1523	1
1765	5
1983	3
2266	6
2586	3

v2= (809)
280	3
600	6
882	3
1100	5
1343	1
1733	1
2020	5
2428	1

v2= (810)
367	1
620	2
940	1
1158	1
1375	3
1658	1
1986	3
2233	1
2376	3
2658	3
2941	3
3189	6
3509	3

v2= (811)
285	3
605	6
853	3
1135	3
1418	3
1561	1
1808	3
2136	1
2419	3
2636	1
2854	1
3174	2
3426	1

v2= (812)
437	1
690	1
1033	1
1400	1
1543	3
1790	1
2008	1
2351	3
2633	3
2916	3
3239	15
3526	3

v2= (813)
285	3
572	15
895	3
1178	3
1460	3
1803	1
2021	1
2268	3
2411	1
2778	1
3121	1
3374	1

v2= (814)
367	1
767	1
1020	1
1238	3
1520	3
1803	1
2211	3
2531	1

v2= (815)
180	1
500	3
908	1
1190	3
1473	3
1691	1
1943	1
2343	1

v2= (816)
437	5
725	3
973	1
1315	3
1563	5
1850	3
2098	1
2498	3
2781	1
2923	3
3246	3
3529	1
3849	1
3992	3
4457	1

v2= (817)
180	1
645	3
787	1
1108	1
1390	3
1713	3
1855	1
2138	3
2538	1
2786	3
3073	5
3321	3
3664	1
3911	3
4199	5

v2= (818)
367	2
687	1
865	5
1153	3
1400	1
1865	1
2186	3
2651	3

v2= (819)
285	3
750	3
1070	1
1535	1
1783	3
2071	5
2248	1
2568	2

v2= (820)
367	1
767	1
1088	2
1408	1
1585	5
1873	9
2121	1

v2= (821)
467	1
715	9
1002	5
1180	1
1500	2
1820	1
2221	1

v2= (822)
437	1
690	2
1010	5
1298	1
1540	5
1793	3
2113	1

v2= (823)
402	1
722	3
975	5
1218	1
1505	5
1825	2
2078	1

v2= (824)
360	1
680	3
932	5
1175	1
1463	5
1783	2
2035	1

v2= (825)
367	1
620	3
903	3
1185	2
1505	1
1648	1
2016	1
2158	3
2406	3
2689	3
2971	1
3114	2
3399	3
3682	3
4004	1
4257	1
4722	9
5005	1

v2= (826)
145	1
427	9
892	1
1145	1
1468	3
1750	3
2036	2
2178	1
2461	3
2743	3
2991	3
3134	1
3501	1
3644	1
3964	2
4247	3
4530	3
4782	1

v2= (827)
335	5
622	1
865	5
1107	15
1390	1
1758	2
2078	3
2361	1
2688	5
2976	1
3118	3
3401	2
3686	3
4076	1

v2= (828)
220	1
610	3
895	2
1178	3
1320	1
1608	5
1935	1
2218	3
2538	2
2906	1
3189	15
3431	5
3674	1
3961	5

v2= (829)
437	1
680	25
967	5
1255	1
1498	5
1740	15
2023	1
2391	2
2711	3
2994	1
3321	5
3609	1
3751	3
4034	2
4319	3
4709	1

v2= (830)
220	1
610	3
895	2
1178	3
1320	1
1608	5
1935	1
2218	3
2538	2
2906	1
3189	15
3431	5
3674	1
3961	5
4249	25
4492	1

v2= (831)
437	1
680	25
967	5
1255	1
1498	5
1740	15
2023	1
2391	2
2711	3
2994	1
3321	5
3609	1
3751	9
4034	2

v2= (832)
287	2
570	9
712	1
1000	5
1328	1
1610	3
1930	2
2298	1
2581	15
2823	5
3066	1
3354	5
3641	25
3884	1

v2= (833)
367	1
775	3
1058	2
1378	1
1595	2
1916	3
2198	5
2486	1
2951	5
3239	3
3521	3
3739	1

v2= (834)
220	1
437	3
720	3
1007	5
1473	1
1760	5
2043	3
2363	2
2581	1
2901	2
3184	3
3591	1

v2= (835)
367	1
610	5
1018	1
1235	1
1563	3
1845	2
2131	2
2451	2
2771	9
3054	3

v2= (836)
325	3
607	9
927	2
1248	2
1533	2
1815	3
2143	1
2361	1
2768	5
3011	1

v2= (837)
280	3
562	9
882	2
1203	2
1488	2
1770	3
2098	1
2316	1
2723	5
2966	1

v2= (838)
367	3
615	1
1080	1
1400	1
1643	5
2051	1
2268	1
2596	3
2879	2
3164	2
3484	2
3804	9
4087	3

v2= (839)
280	3
562	9
882	2
1203	2
1488	2
1770	3
2098	1
2316	1
2723	5
2966	1
3286	1
3751	1
3999	3

v2= (840)
367	3
615	2
900	3
1183	3
1505	1
1683	3
2006	3
2253	2
2538	3
2821	9
3144	1

v2= (841)
392	1
715	9
998	3
1283	2
1530	3
1853	3
2031	1
2353	3
2636	3
2921	2
3169	3

v2= (842)
367	3
615	2
900	3
1183	3
1505	1
1683	3
2006	3
2253	2
2538	9
2821	3

v2= (843)
325	3
607	9
892	2
1140	3
1463	3
1640	1
1963	3
2246	3
2531	2
2778	3

v2= (844)
280	3
562	9
847	2
1095	3
1418	3
1595	1
1918	3
2201	3
2486	2
2733	3

v2= (845)
367	3
690	3
1012	1
1355	1
1675	3
1923	2
2208	3
2491	3
2813	1
2991	3
3314	3
3561	2
3846	9
4129	3

v2= (846)
325	3
607	9
892	2
1140	3
1463	3
1640	1
1963	3
2246	3
2531	2
2778	3
3099	1
3441	1
3764	3
4087	3

v2= (847)
367	3
615	1
943	1
1195	3
1518	3
1840	3
2088	1
2341	1
2661	3
2984	9
3306	1

v2= (848)
345	1
667	9
990	3
1310	1
1563	1
1810	3
2133	3
2456	3
2708	1
3036	1
3284	3

v2= (849)
367	3
615	1
833	3
1115	5
1403	2
1688	3
2011	3
2293	1
2613	3
2861	1
3189	1
3441	3
3764	3
4087	9
4334	1

v2= (850)
255	1
502	9
825	3
1148	3
1400	1
1728	1
1975	3
2296	1
2578	3
2901	3
3186	2
3474	5
3756	3
3974	1
4222	3

v2= (851)
367	3
615	1
833	3
1115	5
1403	2
1688	9
2011	3

v2= (852)
285	3
607	9
892	2
1180	5
1463	3
1680	1
1928	3

v2= (853)
335	3
657	3
905	1
1225	3
1473	1
1690	3
1973	5
2261	2
2546	9
2868	3

v2= (854)
285	3
607	9
892	2
1180	5
1463	3
1680	1
1928	3
2248	1
2496	3
2818	3

v2= (855)
367	3
650	3
933	3
1215	2
1501	3
1783	1
2126	1
2534	1
2901	1
3309	9
3592	1

v2= (856)
330	1
612	9
1020	1
1388	1
1795	1
2138	1
2421	3
2706	2
2988	3
3271	3
3554	3

v2= (857)
435	1
717	9
1125	1
1493	1
1900	1
2243	1
2526	3
2811	2
3094	3
3376	3
3659	3

v2= (858)
367	3
650	3
933	3
1215	2
1501	3
1783	1
2126	1
2534	1
2901	3
3309	3

v2= (859)
285	3
692	3
1060	1
1468	1
1810	1
2093	3
2378	2
2661	3
2944	3
3226	3

v2= (860)
367	3
650	3
933	3
1215	2
1501	3
1783	1
2126	1
2534	3
2901	1

v2= (861)
515	1
882	3
1290	1
1633	1
1915	3
2200	2
2483	3
2766	3
3049	3

v2= (862)
437	3
760	1
1080	3
1363	3
1646	3
1928	2
2213	3
2496	1
2839	1
3246	1
3614	1
4022	9
4304	1

v2= (863)
330	1
612	9
1020	1
1388	1
1795	1
2138	1
2421	3
2706	2
2988	3
3271	3
3554	3
3874	1
4197	3

v2= (864)
435	1
717	9
1125	1
1493	1
1900	1
2243	1
2526	3
2811	2
3094	3
3376	3
3659	3
3979	1
4302	3

v2= (865)
437	3
760	1
1080	3
1363	3
1646	3
1928	2
2213	3
2496	1
2839	1
3246	1
3614	3
4022	3

v2= (866)
285	3
692	3
1060	1
1468	1
1810	1
2093	3
2378	2
2661	3
2944	3
3226	3
3547	1
3869	3

v2= (867)
437	3
760	1
1080	3
1363	3
1646	3
1928	2
2213	3
2496	1
2839	1
3246	3
3614	1

v2= (868)
515	1
882	3
1290	1
1633	1
1915	3
2200	2
2483	3
2766	3
3049	3
3369	1
3691	3

v2= (869)
367	1
585	3
907	3
1230	1
1483	3
1765	3
2048	2
2368	1
2776	6
3061	3

v2= (870)
280	3
565	6
972	1
1293	2
1575	3
1858	3
2111	1
2433	3
2756	3
2973	1

v2= (871)
367	1
688	1
905	3
1228	3
1550	1
1803	3
2086	3
2368	2
2688	1
3096	6
3381	3

v2= (872)
325	3
610	6
1017	1
1338	2
1620	3
1903	3
2156	1
2478	3
2801	3
3018	1
3339	1

v2= (873)
367	1
585	2
870	1
1088	1
1340	1
1593	1
1810	1
2063	1
2316	1
2533	1
2786	1
3038	1
3216	1
3394	1
3611	1
3854	15
4101	1
4279	1
4422	1
4599	1
4852	3
5104	1

v2= (874)
220	1
472	3
725	1
902	1
1045	1
1223	1
1470	15
1713	1
1930	1
2108	1
2286	1
2538	1
2791	1
3008	1
3261	1
3514	1
3731	1
3984	1
4237	1
4454	1
4739	2
4957	1

v2= (875)
367	1
695	1
872	3
1195	3
1443	1
1833	2
2118	1
2296	3
2578	5
2866	15
3154	1

v2= (876)
345	1
632	15
920	5
1203	3
1380	1
1665	2
2055	1
2303	3
2626	3
2803	1
3131	1

v2= (877)
437	3
760	1
1003	5
1145	3
1428	1
1605	3
1888	1
2066	3
2348	1
2601	15
2889	3

v2= (878)
285	3
572	15
825	1
1108	3
1285	1
1568	3
1746	1
2028	3
2171	5
2413	1
2736	3

v2= (879)
437	1
690	1
1080	3
1403	1
1645	5
1788	3
2071	1
2248	3
2531	1
2709	3
2991	1
3244	15
3531	3

v2= (880)
285	3
572	15
825	1
1108	3
1285	1
1568	3
1746	1
2028	3
2171	5
2413	1
2736	3
3126	1
3379	1

v2= (881)
437	3
685	3
968	3
1215	1
1433	1
1753	1
2121	3
2404	1
2546	1
2946	1
3124	3
3341	3

v2= (882)
250	3
467	3
645	1
1045	1
1187	1
1470	3
1838	1
2158	1
2376	1
2623	3
2906	3
3154	3

v2= (883)
367	3
650	1
1040	3
1288	3
1571	9
1818	1

v2= (884)
220	1
467	9
750	3
998	3
1388	1
1671	3

v2= (885)
437	1
758	3
1005	1
1333	1
1575	5
1828	5
2116	5
2403	2
2723	1
2901	3
3184	2
3504	3
3786	1
4194	3
4477	1
4654	3
4937	9
5220	2

v2= (886)
287	2
570	9
853	3
1030	1
1313	3
1721	1
2003	3
2323	2
2606	3
2784	1
3104	2
3391	5
3679	5
3932	5
4174	1
4502	1
4749	3
5070	1

v2= (887)
367	3
615	1
833	5
1120	2
1440	2
1725	5
2013	2
2298	9
2581	3

v2= (888)
285	3
567	9
853	2
1140	5
1425	2
1745	2
2033	5
2251	1
2498	3

v2= (889)
367	1
545	2
830	1
1198	1
1565	1
1886	3
2168	3
2451	1
2669	3
2951	3
3234	1
3634	5
3922	3
4169	1
4347	9
4630	1

v2= (890)
370	1
652	9
830	1
1078	3
1365	5
1765	1
2048	3
2331	3
2548	1
2831	3
3114	3
3434	1
3802	1
4169	1
4454	2
4632	1

v2= (891)
367	3
615	1
793	1
1010	2
1295	3
1578	3
1861	5
2148	2
2468	1
2721	1
3064	1
3281	3
3604	15
3891	1

v2= (892)
145	1
432	15
755	3
972	1
1315	1
1568	1
1888	2
2175	5
2458	3
2741	3
3026	2
3243	1
3421	1
3669	3

v2= (893)
437	1
902	1
1080	3
1403	5
1690	1
1833	9
2116	3

v2= (894)
285	3
567	9
710	1
998	5
1320	3
1498	1
1963	1

v2= (895)
437	3
685	1
1075	1
1540	1
1718	3
2041	5
2328	1
2471	9
2753	3

v2= (896)
285	3
567	9
710	1
998	5
1320	3
1498	1
1963	1
2353	1
2601	3

v2= (897)
367	1
545	1
913	1
1055	1
1273	3
1520	2
1840	1
2161	1
2338	3
2586	3
2764	3

v2= (898)
280	3
457	3
705	3
882	1
1203	1
1523	2
1771	3
1988	1
2131	1
2498	1
2676	1

v2= (899)
335	2
620	3
902	1
1270	1
1590	1
1768	1
2136	1
2278	1
2496	9
2743	2

v2= (900)
280	2
527	9
745	1
887	1
1255	1
1433	1
1753	1
2121	1
2403	3
2688	2

v2= (901)
367	2
652	3
935	3
1218	3
1501	1
1718	1
1961	25
2248	2
2533	3
2816	1
3184	1
3504	1
3682	1
4049	1
4192	1
4409	9
4657	2

v2= (902)
280	2
527	9
745	1
887	1
1255	1
1433	1
1753	1
2121	1
2403	3
2688	2
2976	25
3219	1
3436	1
3719	3
4002	3
4284	3
4569	2

v2= (903)
367	2
652	3
935	3
1218	3
1501	1
1718	1
1961	25
2248	2
2533	9
2816	1

v2= (904)
370	1
652	9
938	2
1225	25
1468	1
1685	1
1968	3
2251	3
2533	3
2819	2

v2= (905)
437	3
720	1
1048	2
1333	3
1615	3
1898	3
2181	1
2423	15
2706	1
3074	2
3359	2
3644	3
3927	3
4174	6
4495	5

v2= (906)
290	5
610	6
857	3
1140	3
1425	2
1710	2
2078	1
2361	15
2603	1
2886	3
3169	3
3451	3
3737	2
4064	1
4347	3

v2= (907)
437	3
685	5
973	1
1215	5
1583	9
1905	5

v2= (908)
290	5
612	9
980	5
1222	1
1510	5
1758	3

v2= (909)
367	3
650	1
868	1
1045	3
1328	3
1611	2
1896	3
2178	1
2569	3
2816	5
3104	1
3347	5
3714	9
4037	5

v2= (910)
290	5
612	9
980	5
1222	1
1510	5
1758	3
2148	1
2431	3
2716	2
2999	3
3281	3
3459	1
3676	1
3959	3

v2= (911)
367	3
650	1
868	1
1045	3
1328	3
1611	6
1896	3

v2= (912)
285	3
570	6
853	3
1135	3
1313	1
1530	1
1813	3

v2= (913)
367	3
650	2
935	2
1220	3
1468	1
1645	3
1823	3

v2= (914)
325	3
502	3
680	1
927	3
1213	2
1498	2
1780	3

v2= (915)
437	1
758	3
1040	2
1325	2
1610	3
1858	1
2036	3
2213	3

v2= (916)
325	3
502	3
680	1
927	3
1213	2
1498	2
1780	3
2101	1

v2= (917)
437	1
837	1
1303	5
1590	1
1808	1
1950	1
2318	3
2601	3
2923	1
3176	9
3459	1

v2= (918)
392	1
675	9
928	1
1250	3
1533	3
1901	1
2043	1
2261	1
2548	5
3013	1
3414	1

v2= (919)
437	1
837	1
1303	5
1590	1
1808	1
1950	1
2318	3
2601	3
2923	3
3176	3

v2= (920)
285	3
537	3
860	3
1143	3
1510	1
1653	1
1870	1
2158	5
2623	1
3023	1

v2= (921)
437	1
655	3
938	3
1220	9
1543	5

v2= (922)
290	5
612	9
895	3
1178	3
1395	1

v2= (923)
437	1
655	3
903	1
1270	2
1555	3
1878	3
2161	3
2443	2
2764	3
3046	5
3334	1
3701	1
4022	9
4304	3

v2= (924)
285	3
567	9
888	1
1255	1
1543	5
1826	3
2146	2
2428	3
2711	3
3034	3
3319	2
3687	1
3934	3
4152	1

v2= (925)
367	3
615	3
898	3
1145	1
1323	1
1731	1
1948	1
2268	1
2446	3
2694	6
2979	1

v2= (926)
370	1
655	6
902	3
1080	1
1400	1
1618	1
2026	1
2203	1
2451	3
2734	3
2981	3

v2= (927)
367	3
615	3
898	3
1145	1
1323	3
1731	1

v2= (928)
220	1
627	3
805	1
1053	3
1335	3
1583	3

v2= (929)
367	3
650	3
933	3
1255	2
1575	1
1976	3
2298	1
2476	3
2758	3
2976	1

v2= (930)
322	1
540	3
823	3
1000	1
1323	3
1723	1
2043	2
2366	3
2648	3
2931	3

v2= (931)
367	3
650	3
933	3
1255	2
1575	1
1976	3
2298	1
2476	9
2758	1

v2= (932)
220	1
502	9
680	1
1003	3
1403	1
1723	2
2045	3
2328	3
2611	3

v2= (933)
367	3
650	2
935	3
1183	1
1550	1
1768	1
2111	3
2433	1
2651	3
2934	2
3219	1
3436	1
3614	1
3756	3
4039	1
4447	10
4689	5

v2= (934)
330	5
572	10
980	1
1263	3
1405	1
1583	1
1800	1
2085	2
2368	3
2586	1
2908	3
3251	1
3469	1
3836	1
4084	3
4369	2
4652	3

v2= (935)
367	3
650	2
935	3
1183	1
1550	1
1768	1
2111	3
2433	1
2651	3
2934	2
3219	1
3436	1
3614	1
3756	3
4039	3
4447	1

v2= (936)
245	1
652	3
935	3
1078	1
1255	1
1473	1
1758	2
2041	3
2258	1
2581	3
2923	1
3141	1
3509	1
3756	3
4041	2
4324	3

v2= (937)
350	1
757	3
1040	3
1183	1
1360	1
1578	1
1863	2
2146	3
2363	1
2686	3
3028	1
3246	1
3614	1
3861	3
4146	2
4429	3

v2= (938)
367	3
650	2
935	3
1183	1
1550	1
1768	1
2111	3
2433	1
2651	3
2934	2
3219	1
3436	1
3614	1
3756	9
4039	1

v2= (939)
515	1
797	9
940	1
1118	1
1335	1
1620	2
1903	3
2121	1
2443	3
2786	1
3003	1
3371	1
3619	3
3904	2
4187	3

v2= (940)
367	1
710	1
963	3
1245	1
1423	1
1765	3
2086	3

v2= (941)
280	3
600	3
942	1
1120	1
1403	3
1655	1
1998	1

v2= (942)
437	3
720	1
938	2
1258	2
1578	1
1946	3
2268	5
2556	1
2698	9
3021	1

v2= (943)
322	1
645	9
787	1
1075	5
1398	3
1765	1
2085	2
2406	2
2623	1
2906	3

v2= (944)
437	3
720	1
938	2
1258	2
1578	1
1946	3
2268	5
2556	3
2698	3

v2= (945)
325	3
467	3
755	5
1077	3
1445	1
1765	2
2085	2
2303	1
2586	3

v2= (946)
280	3
422	3
710	5
1032	3
1400	1
1720	2
2040	2
2258	1
2541	3

v2= (947)
437	1
805	1
1023	1
1200	1
1568	1
1820	5
2108	1
2498	3
2781	1
2999	2
3319	2
3639	1
4007	3
4329	5
4617	3
4759	3

v2= (948)
325	3
467	3
755	5
1077	3
1445	1
1765	2
2085	2
2303	1
2586	3
2976	1
3263	5
3516	1
3884	1
4061	1
4279	1
4647	1

v2= (949)
437	1
680	10
1000	3
1323	1
1690	5
1978	3
2261	1
2503	5
2746	5
2989	5
3231	5
3551	3
3804	1

v2= (950)
322	1
575	3
895	5
1138	5
1380	5
1623	5
1866	1
2148	3
2436	5
2804	1
3126	3
3446	10
3689	1

v2= (951)
437	1
680	10
1000	3
1323	1
1690	5
1978	3
2261	1
2503	5
2746	5
2989	5
3231	15
3551	1

v2= (952)
255	1
575	15
818	5
1060	5
1303	5
1545	1
1828	3
2116	5
2483	1
2806	3
3126	10
3369	1

v2= (953)
437	1
828	1
970	1
1148	3
1515	3

v2= (954)
325	3
692	3
870	1
1012	1
1403	1

v2= (955)
437	2
722	1
1050	3
1333	1
1675	2
1960	1
2138	1
2356	1
2533	3
2751	1

v2= (956)
255	1
472	3
650	1
867	1
1045	1
1330	2
1673	1
1955	3
2283	1
2568	2

v2= (957)
367	2
652	1
1043	2
1328	1
1655	3
1938	1
2281	2
2566	1
2743	1
2961	1
3139	3
3356	1

v2= (958)
255	1
472	3
650	1
867	1
1045	1
1330	2
1673	1
1955	3
2283	1
2568	2
2958	1
3244	2

v2= (959)
335	3
617	2
902	1
1145	5
1513	3
1760	1
2003	5
2256	1
2398	10
2641	5

v2= (960)
322	5
565	10
707	1
960	5
1203	1
1450	3
1818	5
2061	1
2346	2
2628	3

v2= (961)
367	3
650	3
933	1
1175	25
1463	2
1783	3
2106	1
2348	15
2631	3
2914	1
3131	1
3374	15
3657	1
4064	1
4242	3
4525	1
4742	6
5027	1

v2= (962)
180	1
465	6
682	1
965	3
1143	1
1550	1
1833	15
2076	1
2293	1
2576	3
2859	15
3101	1
3424	3
3744	2
4032	25
4274	1
4557	3
4840	3

v2= (963)
437	1
805	3
1088	1
1305	2
1590	6
1875	1

v2= (964)
345	1
630	6
915	2
1132	1
1415	3
1783	1

v2= (965)
437	1
805	1
1023	1
1265	5
1655	3
1978	1
2221	5
2438	3
2721	2
3006	2
3291	1
3434	1
3841	15
4129	1

v2= (966)
145	1
432	15
840	1
982	1
1267	2
1553	2
1835	3
2053	5
2295	1
2618	3
3008	5
3251	1
3469	1
3836	1

v2= (967)
437	3
720	2
1005	1
1223	1
1475	2
1795	5
2083	1
2403	1
2771	10
3014	10

v2= (968)
322	10
565	10
932	1
1253	1
1540	5
1860	2
2113	1
2331	1
2616	2
2898	3

v2= (969)
280	10
522	10
890	1
1210	1
1498	5
1818	2
2070	1
2288	1
2573	2
2856	3

v2= (970)
437	3
760	2
1045	3
1328	3
1610	1
1828	3
2046	2

v2= (971)
287	2
505	3
722	1
1005	3
1288	3
1573	2
1895	3

v2= (972)
367	3
690	3
973	1
1225	3
1548	2
1833	3
2116	3
2398	2
2683	3
2966	3
3249	1
3466	1
3787	3
4069	6
4355	1

v2= (973)
180	1
465	6
747	3
1068	1
1285	1
1568	3
1851	3
2136	2
2418	3
2701	3
2986	2
3309	3
3562	1
3844	3
4167	3

v2= (974)
437	3
760	1
977	1
1230	2
1515	1
1835	3
2158	3
2441	1
2693	3
3016	2
3301	3
3584	3
3867	2
4152	3
4434	9
4717	1

v2= (975)
220	1
502	9
785	3
1070	2
1353	3
1636	3
1921	2
2243	3
2496	1
2779	3
3101	3
3421	1
3707	2
3959	1
4177	1
4499	3

v2= (976)
367	2
652	3
935	2
1220	1
1588	3
1871	1
2088	3
2371	1
2698	1
3041	3
3324	5
3611	3
3829	1

v2= (977)
180	1
397	3
685	5
967	3
1310	1
1638	1
1920	3
2138	1
2421	3
2788	1
3073	2
3356	3
3641	2

v2= (978)
367	1
620	1
837	1
1090	1
1458	1
1710	1
2101	9
2383	3

v2= (979)
285	3
567	9
958	1
1210	1
1578	1
1831	1
2048	1
2301	1

v2= (980)
335	3
657	2
977	1
1195	1
1595	1
1848	1
2215	3
2498	1
2676	2
2996	1
3238	5
3416	3
3634	2

v2= (981)
287	2
505	3
682	5
925	1
1245	2
1423	1
1705	3
2073	1
2326	1
2726	1
2943	1
3263	2
3586	3

v2= (982)
367	1
545	1
1010	1
1378	1
1595	1
1773	1
2238	9
2486	3

v2= (983)
250	3
497	9
963	1
1140	1
1358	1
1725	1
2191	1
2368	1

v2= (984)
367	3
690	1
1058	3
1305	1
1705	3
1953	3
2236	3
2518	1
2661	6
2946	1

v2= (985)
322	1
607	6
750	1
1033	3
1315	3
1563	3
1963	1
2211	3
2578	1
2901	3

v2= (986)
367	1
610	15
893	1
1110	3
1393	1
1646	1
1863	1
2081	1
2298	1
2516	3
2799	1
3051	1
3294	5
3436	5
3724	1
3942	3
4224	3
4507	9
4830	1

v2= (987)
402	1
725	9
1007	3
1290	3
1508	1
1795	5
1938	5
2180	1
2433	1
2716	3
2933	1
3151	1
3369	1
3586	1
3839	1
4121	3
4339	1
4622	15
4864	1

v2= (988)
437	3
760	3
1043	1
1260	1
1668	9
1990	3

v2= (989)
285	3
607	9
1015	1
1233	1
1515	3
1838	3

v2= (990)
437	2
722	3
1045	1
1298	1
1515	1
1768	1
2010	5
2331	1
2583	1
2991	1
3209	1
3529	3
3851	9
4134	3

v2= (991)
285	3
567	9
890	3
1210	1
1428	1
1836	1
2088	1
2408	5
2651	1
2904	1
3121	1
3374	1
3696	3
3982	2

v2= (992)
367	3
650	5
938	2
1223	1
1400	1
1768	1
2088	9
2336	1

v2= (993)
220	1
467	9
788	1
1155	1
1333	1
1618	2
1905	5
2188	3

v2= (994)
367	3
615	5
903	1
1223	3
1505	5
1793	2
2078	3
2256	1

v2= (995)
370	1
547	3
832	2
1120	5
1403	3
1723	1
2010	5
2258	3

v2= (996)
367	1
545	3
828	1
1045	2
1365	1
1583	3
1866	1
2083	1
2403	9
2651	5

v2= (997)
290	5
537	9
857	1
1075	1
1358	3
1575	1
1896	2
2113	1
2396	3
2573	1

v2= (998)
437	3
685	5
973	5
1260	1
1588	3
1870	1
2191	1
2368	3
2651	1
2869	2
3189	1
3406	9
3689	1

v2= (999)
220	1
502	9
720	1
1040	2
1258	1
1540	3
1718	1
2038	1
2321	3
2648	1
2936	5
3224	5
3471	3

v2= (1000)
335	1
702	3
950	3
1198	1
1340	2
1625	1
2016	3
2263	5
2551	5
2838	3
3166	3

v2= (1001)
285	3
612	3
900	5
1187	5
1435	3
1825	1
2110	2
2253	1
2501	3
2748	3
3116	1

v2= (1002)
367	1
610	5
978	1
1195	1
1438	15
1721	3
2003	3
2326	1
2578	9
2861	1

v2= (1003)
220	1
502	9
755	1
1078	3
1360	3
1643	15
1886	1
2103	1
2471	5
2713	1

v2= (1004)
367	5
655	2
940	3
1223	1
1590	2
1910	3
2193	1
2561	1
2881	1
3124	5
3491	1
3709	1
3952	15
4234	3
4517	3
4840	1
5092	9
5375	1

v2= (1005)
220	1
502	9
755	1
1078	3
1360	3
1643	15
1886	1
2103	1
2471	5
2713	1
3034	1
3401	1
3684	3
4004	2
4372	1
4655	3
4940	2
5227	5

v2= (1006)
367	5
655	2
940	3
1223	1
1590	2
1910	9
2193	1

v2= (1007)
370	1
652	9
973	2
1340	1
1623	3
1908	2
2196	5

v2= (1008)
367	2
652	1
973	1
1315	3
1598	1
1851	3
2133	5
2421	3
2704	1
2881	10
3124	5

v2= (1009)
410	5
652	10
830	1
1113	3
1400	5
1683	3
1936	1
2218	3
2561	1
2881	1
3166	2

v2= (1010)
437	1
780	3
1063	1
1205	5
1493	3
1775	1
1918	3
2166	1
2383	1
2636	1
3044	1
3411	3
3629	1

v2= (1011)
322	1
540	3
908	1
1315	1
1568	1
1785	1
2033	3
2176	1
2458	3
2746	5
2888	1
3171	3
3514	1

v2= (1012)
367	1
585	2
870	1
1198	3
1445	1
1835	3
2118	2
2438	1
2806	15
3094	3

v2= (1013)
285	3
572	15
940	1
1260	2
1543	3
1933	1
2181	3
2508	1
2793	2
3011	1

v2= (1014)
437	1
655	1
998	1
1250	3
1498	1
1963	3
2246	3
2528	3
2811	3
3059	1
3379	1
3597	2
3882	3
4209	3

v2= (1015)
250	3
577	3
862	2
1080	1
1400	1
1648	3
1931	3
2213	3
2496	3
2961	1
3209	3
3462	1
3804	1
4022	1

v2= (1016)
367	3
650	2
970	1
1188	1
1430	10
1715	1
1968	2
2253	1
2661	3
2983	3
3306	1
3674	3
3921	9
4169	5

v2= (1017)
290	5
537	9
785	3
1153	1
1475	3
1798	3
2205	1
2491	2
2743	1
3028	10
3271	1
3489	1
3809	2
4091	3

v2= (1018)
367	1
585	1
802	1
1020	1
1198	1
1415	1
1633	1
1850	1
2028	1
2246	1
2463	1
2791	3
3073	1
3291	3
3574	3
3896	3
4114	3

v2= (1019)
280	3
497	3
820	3
1102	3
1320	1
1603	3
1930	1
2148	1
2366	1
2543	1
2761	1
2978	1
3196	1
3373	1
3591	1
3809	1
4026	1

v2= (1020)
367	1
688	1
905	1
1123	1
1340	1
1518	1
1735	1
1953	1
2171	1
2348	1
2566	1
2783	1
3111	3
3394	1
3611	3
3894	3
4217	3
4434	3

